N: 2
M: 5
T: 7.525
V: -1
J_V_final: 0.0
GROUND_STATE_OVERLAP: 0.9633784715712501
ENERGY_DIFFERENCE: 0.03662152842874966
