N: 2
M: 4
T: 10.0
V: 1
J_V_final: 0.0
GROUND_STATE_OVERLAP: 1.0615184185665585e-33
ENERGY_DIFFERENCE: 1.0000177075187893
