N: 2
M: 5
T: 0.925
V: -1
J_V_final: 2.0
GROUND_STATE_OVERLAP: 0.43400957520272876
ENERGY_DIFFERENCE: 1.8637531181746514
