N: 2
M: 2
T: 0.1
V: 1
J_V_final: 0.5
GROUND_STATE_OVERLAP: 1.3770399102368736e-32
ENERGY_DIFFERENCE: 0.9761547972244927
