N: 2
M: 3
T: 9.175
V: 1
J_V_final: 0.0
GROUND_STATE_OVERLAP: 2.3412085886457336e-33
ENERGY_DIFFERENCE: 1.0000215017331613
