N: 2
M: 2
T: 4.225
V: 1
J_V_final: 2.0
GROUND_STATE_OVERLAP: 0.9999913961019582
ENERGY_DIFFERENCE: 6.876169462444182e-05
