N: 2
M: 3
T: 4.225
V: -1
J_V_final: 2.0
GROUND_STATE_OVERLAP: 0.9999087544790655
ENERGY_DIFFERENCE: 0.0005639001093173945
