N: 2
M: 3
T: 6.2875000000000005
V: -1
J_V_final: 0.5
GROUND_STATE_OVERLAP: 0.9937973050521772
ENERGY_DIFFERENCE: 0.011719580342826719
