N: 2
M: 5
T: 3.8125000000000004
V: -1
J_V_final: 0.0
GROUND_STATE_OVERLAP: 0.8572521137013083
ENERGY_DIFFERENCE: 0.1427478862986915
