N: 2
M: 5
T: 5.05
V: -1
J_V_final: 2.0
GROUND_STATE_OVERLAP: 0.9910478916286602
ENERGY_DIFFERENCE: 0.03498683514669043
