N: 2
M: 3
T: 8.35
V: -1
J_V_final: 0.5
GROUND_STATE_OVERLAP: 0.9901470980656466
ENERGY_DIFFERENCE: 0.017786197601515452
