N: 2
M: 3
T: 5.875
V: -1
J_V_final: 2.0
GROUND_STATE_OVERLAP: 0.9999558452265548
ENERGY_DIFFERENCE: 0.0002723320958750719
