N: 2
M: 5
T: 7.9375
V: -1
J_V_final: 0.5
GROUND_STATE_OVERLAP: 0.9870474472152673
ENERGY_DIFFERENCE: 0.013551285924363832
