N: 2
M: 2
T: 5.875
V: -1
J_V_final: 0.0
GROUND_STATE_OVERLAP: 0.98961978434924
ENERGY_DIFFERENCE: 0.01038021565075975
