N: 2
M: 3
T: 0.925
V: 1
J_V_final: 0.0
GROUND_STATE_OVERLAP: 1.22251443426188e-35
ENERGY_DIFFERENCE: 1.0000909015020867
