N: 2
M: 4
T: 7.525
V: -1
J_V_final: 0.0
GROUND_STATE_OVERLAP: 0.9676352743557564
ENERGY_DIFFERENCE: 0.03236472564424342
