N: 2
M: 2
T: 6.2875000000000005
V: 1
J_V_final: 0.5
GROUND_STATE_OVERLAP: 1.0048394375573654e-17
ENERGY_DIFFERENCE: 0.5377587103434971
