N: 2
M: 3
T: 4.225
V: -1
J_V_final: 0.5
GROUND_STATE_OVERLAP: 0.994069169973776
ENERGY_DIFFERENCE: 0.010488086164800459
