N: 2
M: 5
T: 1.7500000000000002
V: -1
J_V_final: 2.0
GROUND_STATE_OVERLAP: 0.9710895539987965
ENERGY_DIFFERENCE: 0.12306886400623185
