N: 2
M: 3
T: 10.0
V: 1
J_V_final: 0.5
GROUND_STATE_OVERLAP: -3.863959774842803e-18
ENERGY_DIFFERENCE: 0.9152146435000318
