N: 2
M: 5
T: 2.9875000000000003
V: 1
J_V_final: 0.0
GROUND_STATE_OVERLAP: 4.890056795374955e-34
ENERGY_DIFFERENCE: 1.0000161733273771
