N: 2
M: 4
T: 7.525
V: 1
J_V_final: 0.5
GROUND_STATE_OVERLAP: 1.0490482947904432e-18
ENERGY_DIFFERENCE: 1.1722782507410672
