N: 2
M: 5
T: 4.6375
V: -1
J_V_final: 0.0
GROUND_STATE_OVERLAP: 0.9041767811796462
ENERGY_DIFFERENCE: 0.09582321882035372
