N: 2
M: 4
T: 8.762500000000001
V: 1
J_V_final: 2.0
GROUND_STATE_OVERLAP: 0.9997622838167737
ENERGY_DIFFERENCE: 0.0007708799297452273
