N: 2
M: 4
T: 5.875
V: 1
J_V_final: 0.5
GROUND_STATE_OVERLAP: 1.9193826833192712e-20
ENERGY_DIFFERENCE: 1.22128992911062
