N: 2
M: 5
T: 2.575
V: 1
J_V_final: 0.0
GROUND_STATE_OVERLAP: 1.1596959754714542e-33
ENERGY_DIFFERENCE: 1.0000485871357137
