N: 2
M: 5
T: 6.2875000000000005
V: 1
J_V_final: 2.0
GROUND_STATE_OVERLAP: 0.9962780122973891
ENERGY_DIFFERENCE: 0.015132769865370044
