N: 2
M: 4
T: 2.9875000000000003
V: -1
J_V_final: 0.5
GROUND_STATE_OVERLAP: 0.9802907349494353
ENERGY_DIFFERENCE: 0.028285183084612697
