N: 2
M: 3
T: 7.9375
V: -1
J_V_final: 0.5
GROUND_STATE_OVERLAP: 0.991365616516763
ENERGY_DIFFERENCE: 0.016380115304713838
