N: 2
M: 5
T: 9.175
V: -1
J_V_final: 0.5
GROUND_STATE_OVERLAP: 0.9882588873444441
ENERGY_DIFFERENCE: 0.011173765570779537
