N: 2
M: 3
T: 9.175
V: -1
J_V_final: 0.0
GROUND_STATE_OVERLAP: 0.9844766354233561
ENERGY_DIFFERENCE: 0.015523364576643939
