N: 2
M: 3
T: 4.225
V: 1
J_V_final: 0.0
GROUND_STATE_OVERLAP: 4.938957064414923e-34
ENERGY_DIFFERENCE: 1.000044813019993
