N: 2
M: 4
T: 2.1625
V: 1
J_V_final: 2.0
GROUND_STATE_OVERLAP: 0.9891025797629507
ENERGY_DIFFERENCE: 0.0531274861925457
