N: 2
M: 5
T: 6.2875000000000005
V: 1
J_V_final: 0.5
GROUND_STATE_OVERLAP: 1.0819114987344758e-18
ENERGY_DIFFERENCE: 1.3187522644878573
