N: 2
M: 5
T: 5.875
V: 1
J_V_final: 0.5
GROUND_STATE_OVERLAP: 5.736460844895289e-19
ENERGY_DIFFERENCE: 0.5193876732215055
