N: 2
M: 5
T: 7.1125
V: 1
J_V_final: 0.5
GROUND_STATE_OVERLAP: -9.159526560645039e-20
ENERGY_DIFFERENCE: 1.3004217595526435
