N: 2
M: 4
T: 6.7
V: 1
J_V_final: 0.5
GROUND_STATE_OVERLAP: -1.612663210023192e-18
ENERGY_DIFFERENCE: 1.1907843554630593
