N: 2
M: 3
T: 7.9375
V: -1
J_V_final: 2.0
GROUND_STATE_OVERLAP: 0.9999257788786703
ENERGY_DIFFERENCE: 0.0004390620835046377
