N: 2
M: 5
T: 8.35
V: -1
J_V_final: 2.0
GROUND_STATE_OVERLAP: 0.9963224980531787
ENERGY_DIFFERENCE: 0.014877986164791857
