N: 2
M: 3
T: 3.4000000000000004
V: 1
J_V_final: 0.0
GROUND_STATE_OVERLAP: -2.0620221867197572e-21
ENERGY_DIFFERENCE: 1.0000425578026129
