N: 2
M: 2
T: 9.175
V: -1
J_V_final: 0.5
GROUND_STATE_OVERLAP: 0.9985624487105821
ENERGY_DIFFERENCE: 0.002989512733303945
