N: 2
M: 3
T: 9.175
V: 1
J_V_final: 2.0
GROUND_STATE_OVERLAP: 0.9998380881868297
ENERGY_DIFFERENCE: 0.0006903910304449923
