N: 2
M: 5
T: 1.3375000000000001
V: -1
J_V_final: 2.0
GROUND_STATE_OVERLAP: 0.9397422174136784
ENERGY_DIFFERENCE: 0.2941636508881471
