N: 2
M: 4
T: 5.4625
V: 1
J_V_final: 2.0
GROUND_STATE_OVERLAP: 0.999445017579838
ENERGY_DIFFERENCE: 0.0026708749909509777
