N: 2
M: 3
T: 6.7
V: 1
J_V_final: 0.0
GROUND_STATE_OVERLAP: 5.010427120944918e-34
ENERGY_DIFFERENCE: 1.0000489149227194
