N: 2
M: 5
T: 0.1
V: 1
J_V_final: 2.0
GROUND_STATE_OVERLAP: 0.007263889072694459
ENERGY_DIFFERENCE: 6.428442633545376
