N: 2
M: 5
T: 9.175
V: 1
J_V_final: 2.0
GROUND_STATE_OVERLAP: 0.9979193100571655
ENERGY_DIFFERENCE: 0.007619542445295835
