N: 2
M: 5
T: 7.9375
V: 1
J_V_final: 2.0
GROUND_STATE_OVERLAP: 0.9986529435211957
ENERGY_DIFFERENCE: 0.005433478491257304
