N: 2
M: 5
T: 5.05
V: 1
J_V_final: 0.0
GROUND_STATE_OVERLAP: 6.693753595400673e-34
ENERGY_DIFFERENCE: 1.0000322724185144
