N: 2
M: 3
T: 7.525
V: 1
J_V_final: 2.0
GROUND_STATE_OVERLAP: 0.999739442036322
ENERGY_DIFFERENCE: 0.0010317069191714268
