N: 2
M: 2
T: 5.05
V: -1
J_V_final: 0.5
GROUND_STATE_OVERLAP: 0.9992336381296638
ENERGY_DIFFERENCE: 0.001574771068411529
