N: 2
M: 5
T: 5.05
V: -1
J_V_final: 0.0
GROUND_STATE_OVERLAP: 0.9234458631172529
ENERGY_DIFFERENCE: 0.07655413688274693
