N: 2
M: 3
T: 2.1625
V: -1
J_V_final: 0.0
GROUND_STATE_OVERLAP: 0.7607337379816116
ENERGY_DIFFERENCE: 0.2392662620183882
