N: 2
M: 5
T: 0.925
V: -1
J_V_final: 0.5
GROUND_STATE_OVERLAP: 0.2718167491115176
ENERGY_DIFFERENCE: 0.7485852426719806
