N: 2
M: 3
T: 8.35
V: -1
J_V_final: 0.5
GROUND_STATE_OVERLAP: 0.9922131207900405
ENERGY_DIFFERENCE: 0.014341613595354907
