N: 2
M: 5
T: 9.5875
V: 1
J_V_final: 0.0
GROUND_STATE_OVERLAP: 4.201357356375878e-34
ENERGY_DIFFERENCE: 1.0000114605119812
