N: 2
M: 2
T: 6.7
V: 1
J_V_final: 0.0
GROUND_STATE_OVERLAP: 1.1435209044799213e-34
ENERGY_DIFFERENCE: 1.0000320796897055
