N: 2
M: 2
T: 2.575
V: -1
J_V_final: 0.0
GROUND_STATE_OVERLAP: 0.9362142298735098
ENERGY_DIFFERENCE: 0.06378577012649012
