N: 2
M: 3
T: 0.5125000000000001
V: -1
J_V_final: 0.0
GROUND_STATE_OVERLAP: 0.5389906789648605
ENERGY_DIFFERENCE: 0.46100932103513936
