N: 2
M: 3
T: 8.762500000000001
V: -1
J_V_final: 0.5
GROUND_STATE_OVERLAP: 0.9909989168425731
ENERGY_DIFFERENCE: 0.016383139893704657
