N: 2
M: 2
T: 8.762500000000001
V: 1
J_V_final: 0.0
GROUND_STATE_OVERLAP: 1.88079096131566e-36
ENERGY_DIFFERENCE: 1.0000244539427368
