N: 2
M: 3
T: 3.8125000000000004
V: 1
J_V_final: 0.5
GROUND_STATE_OVERLAP: -2.5821335026103305e-18
ENERGY_DIFFERENCE: 1.057302229267745
