N: 2
M: 2
T: 9.5875
V: 1
J_V_final: 0.5
GROUND_STATE_OVERLAP: 9.543799652506414e-18
ENERGY_DIFFERENCE: 0.537149556533149
