N: 2
M: 5
T: 0.1
V: -1
J_V_final: 2.0
GROUND_STATE_OVERLAP: 0.00798573372447694
ENERGY_DIFFERENCE: 7.231290816405467
