N: 2
M: 5
T: 2.1625
V: 1
J_V_final: 0.5
GROUND_STATE_OVERLAP: 3.1919155471085626e-19
ENERGY_DIFFERENCE: 1.466128521953695
