N: 2
M: 4
T: 9.5875
V: 1
J_V_final: 0.5
GROUND_STATE_OVERLAP: 4.127601759765467e-19
ENERGY_DIFFERENCE: 1.134286519473332
