N: 2
M: 5
T: 3.4000000000000004
V: -1
J_V_final: 0.5
GROUND_STATE_OVERLAP: 0.9696370865937269
ENERGY_DIFFERENCE: 0.04471737964913425
