N: 2
M: 3
T: 7.525
V: -1
J_V_final: 2.0
GROUND_STATE_OVERLAP: 0.9999698739847266
ENERGY_DIFFERENCE: 0.00018756831471211655
