N: 2
M: 3
T: 6.7
V: -1
J_V_final: 2.0
GROUND_STATE_OVERLAP: 0.9999910602255089
ENERGY_DIFFERENCE: 5.6869895100675194e-05
