N: 2
M: 2
T: 5.05
V: -1
J_V_final: 2.0
GROUND_STATE_OVERLAP: 0.9999969015991024
ENERGY_DIFFERENCE: 2.2953782251811106e-05
