N: 2
M: 4
T: 5.4625
V: 1
J_V_final: 0.0
GROUND_STATE_OVERLAP: 1.3270861023043297e-33
ENERGY_DIFFERENCE: 1.000011853550356
