N: 2
M: 4
T: 5.05
V: -1
J_V_final: 2.0
GROUND_STATE_OVERLAP: 0.9987710817721901
ENERGY_DIFFERENCE: 0.00642846872928704
