N: 2
M: 4
T: 0.1
V: 1
J_V_final: 0.5
GROUND_STATE_OVERLAP: 1.320038239670269e-22
ENERGY_DIFFERENCE: 1.5691125375878272
