N: 2
M: 3
T: 9.5875
V: 1
J_V_final: 0.0
GROUND_STATE_OVERLAP: 1.925929944387236e-33
ENERGY_DIFFERENCE: 1.0001393355832653
