N: 2
M: 2
T: 2.575
V: -1
J_V_final: 2.0
GROUND_STATE_OVERLAP: 0.9999667028802557
ENERGY_DIFFERENCE: 0.00026647343268049184
