N: 2
M: 5
T: 9.175
V: -1
J_V_final: 0.0
GROUND_STATE_OVERLAP: 0.9775307563613889
ENERGY_DIFFERENCE: 0.022469243638610914
