N: 2
M: 3
T: 5.875
V: -1
J_V_final: 0.0
GROUND_STATE_OVERLAP: 0.9472696361237574
ENERGY_DIFFERENCE: 0.052730363876242414
