N: 2
M: 4
T: 7.1125
V: 1
J_V_final: 0.5
GROUND_STATE_OVERLAP: -1.6217233032605038e-20
ENERGY_DIFFERENCE: 1.6659339621475087
