N: 2
M: 4
T: 0.925
V: -1
J_V_final: 2.0
GROUND_STATE_OVERLAP: 0.8242525964669929
ENERGY_DIFFERENCE: 0.9262788997674045
