N: 2
M: 5
T: 6.2875000000000005
V: -1
J_V_final: 0.5
GROUND_STATE_OVERLAP: 0.9784327180021672
ENERGY_DIFFERENCE: 0.02421961037295306
