N: 2
M: 3
T: 8.35
V: -1
J_V_final: 2.0
GROUND_STATE_OVERLAP: 0.9999669068565296
ENERGY_DIFFERENCE: 0.00020484751038907234
