N: 2
M: 5
T: 2.9875000000000003
V: -1
J_V_final: 0.0
GROUND_STATE_OVERLAP: 0.8126561094331419
ENERGY_DIFFERENCE: 0.18734389056685796
