N: 2
M: 4
T: 6.2875000000000005
V: -1
J_V_final: 0.5
GROUND_STATE_OVERLAP: 0.9820445487832046
ENERGY_DIFFERENCE: 0.018632535395691097
