N: 2
M: 2
T: 0.925
V: -1
J_V_final: 2.0
GROUND_STATE_OVERLAP: 0.9972033688186303
ENERGY_DIFFERENCE: 0.02215469465804709
