N: 2
M: 2
T: 2.575
V: 1
J_V_final: 2.0
GROUND_STATE_OVERLAP: 0.99999147987484
ENERGY_DIFFERENCE: 6.541233266821322e-05
