N: 2
M: 5
T: 2.9875000000000003
V: 1
J_V_final: 2.0
GROUND_STATE_OVERLAP: 0.9796654296695472
ENERGY_DIFFERENCE: 0.07762364651298892
