N: 2
M: 4
T: 1.3375000000000001
V: -1
J_V_final: 0.5
GROUND_STATE_OVERLAP: 0.9577408601056604
ENERGY_DIFFERENCE: 0.08446583208308933
