N: 2
M: 5
T: 0.1
V: -1
J_V_final: 0.5
GROUND_STATE_OVERLAP: 0.0071845132809786275
ENERGY_DIFFERENCE: 2.2217182002663085
