N: 2
M: 4
T: 1.7500000000000002
V: -1
J_V_final: 0.5
GROUND_STATE_OVERLAP: 0.963640611740555
ENERGY_DIFFERENCE: 0.08009794960674688
