N: 2
M: 2
T: 0.925
V: -1
J_V_final: 0.0
GROUND_STATE_OVERLAP: 0.7032995060584991
ENERGY_DIFFERENCE: 0.29670049394150066
