N: 2
M: 3
T: 4.6375
V: -1
J_V_final: 2.0
GROUND_STATE_OVERLAP: 0.9998523014633378
ENERGY_DIFFERENCE: 0.000894517837869202
