N: 2
M: 2
T: 0.1
V: -1
J_V_final: 2.0
GROUND_STATE_OVERLAP: 0.2549388628194056
ENERGY_DIFFERENCE: 4.250016402146576
