N: 2
M: 4
T: 7.9375
V: -1
J_V_final: 2.0
GROUND_STATE_OVERLAP: 0.9998340127546348
ENERGY_DIFFERENCE: 0.0008550706337828728
