N: 2
M: 3
T: 2.9875000000000003
V: -1
J_V_final: 0.0
GROUND_STATE_OVERLAP: 0.8268941601930526
ENERGY_DIFFERENCE: 0.17310583980694716
