N: 2
M: 2
T: 7.9375
V: 1
J_V_final: 2.0
GROUND_STATE_OVERLAP: 0.9999997457860931
ENERGY_DIFFERENCE: 2.0363554225077962e-06
