N: 2
M: 4
T: 9.5875
V: 1
J_V_final: 2.0
GROUND_STATE_OVERLAP: 0.9996874122431667
ENERGY_DIFFERENCE: 0.0008730534681085089
