N: 2
M: 3
T: 2.575
V: 1
J_V_final: 0.0
GROUND_STATE_OVERLAP: 1.598672317118311e-34
ENERGY_DIFFERENCE: 1.0000487062874504
