N: 2
M: 3
T: 3.8125000000000004
V: -1
J_V_final: 2.0
GROUND_STATE_OVERLAP: 0.9999365928416366
ENERGY_DIFFERENCE: 0.000389247121491465
