N: 2
M: 4
T: 2.9875000000000003
V: -1
J_V_final: 2.0
GROUND_STATE_OVERLAP: 0.9921114170830864
ENERGY_DIFFERENCE: 0.04070259030020562
