N: 2
M: 3
T: 2.1625
V: -1
J_V_final: 0.5
GROUND_STATE_OVERLAP: 0.9882318340367897
ENERGY_DIFFERENCE: 0.023383278152650844
