N: 2
M: 5
T: 3.8125000000000004
V: 1
J_V_final: 0.0
GROUND_STATE_OVERLAP: 1.8326146654450826e-34
ENERGY_DIFFERENCE: 1.0000374890872763
