N: 2
M: 4
T: 2.575
V: -1
J_V_final: 2.0
GROUND_STATE_OVERLAP: 0.98850532229119
ENERGY_DIFFERENCE: 0.057966474012122404
