N: 2
M: 5
T: 4.6375
V: 1
J_V_final: 0.0
GROUND_STATE_OVERLAP: 1.8262566073670498e-34
ENERGY_DIFFERENCE: 1.0000313925567186
