N: 2
M: 5
T: 0.5125000000000001
V: 1
J_V_final: 2.0
GROUND_STATE_OVERLAP: 0.06553582234903559
ENERGY_DIFFERENCE: 3.2066208674239256
