N: 2
M: 4
T: 1.7500000000000002
V: 1
J_V_final: 0.5
GROUND_STATE_OVERLAP: -2.570230757394308e-19
ENERGY_DIFFERENCE: 1.3745140739622175
