N: 2
M: 3
T: 3.8125000000000004
V: -1
J_V_final: 0.0
GROUND_STATE_OVERLAP: 0.8889767028941831
ENERGY_DIFFERENCE: 0.11102329710581671
