N: 2
M: 3
T: 4.6375
V: 1
J_V_final: 0.0
GROUND_STATE_OVERLAP: 4.423626958730508e-34
ENERGY_DIFFERENCE: 1.0000314856170878
