N: 2
M: 2
T: 4.225
V: -1
J_V_final: 2.0
GROUND_STATE_OVERLAP: 0.9999945302444609
ENERGY_DIFFERENCE: 4.285925297775606e-05
