N: 2
M: 5
T: 7.1125
V: -1
J_V_final: 0.5
GROUND_STATE_OVERLAP: 0.9819702914325781
ENERGY_DIFFERENCE: 0.018913144816780303
