N: 2
M: 4
T: 10.0
V: 1
J_V_final: 2.0
GROUND_STATE_OVERLAP: 0.9996337950908691
ENERGY_DIFFERENCE: 0.0010647742507741143
