N: 2
M: 4
T: 3.8125000000000004
V: -1
J_V_final: 0.0
GROUND_STATE_OVERLAP: 0.8599078406503478
ENERGY_DIFFERENCE: 0.14009215934965213
