N: 2
M: 2
T: 1.3375000000000001
V: -1
J_V_final: 0.5
GROUND_STATE_OVERLAP: 0.997674408120126
ENERGY_DIFFERENCE: 0.004824828847452611
