N: 2
M: 5
T: 7.1125
V: -1
J_V_final: 0.0
GROUND_STATE_OVERLAP: 0.9580532432849546
ENERGY_DIFFERENCE: 0.04194675671504522
