N: 2
M: 4
T: 0.5125000000000001
V: -1
J_V_final: 2.0
GROUND_STATE_OVERLAP: 0.3721267709149412
ENERGY_DIFFERENCE: 2.1220828246355
