N: 2
M: 5
T: 6.2875000000000005
V: -1
J_V_final: 2.0
GROUND_STATE_OVERLAP: 0.9952245445924705
ENERGY_DIFFERENCE: 0.017083001943823284
