N: 2
M: 4
T: 5.875
V: -1
J_V_final: 0.0
GROUND_STATE_OVERLAP: 0.9132308336529033
ENERGY_DIFFERENCE: 0.08676916634709675
