N: 2
M: 4
T: 2.1625
V: 1
J_V_final: 0.0
GROUND_STATE_OVERLAP: 1.4594937859809522e-34
ENERGY_DIFFERENCE: 1.0000585142825067
