N: 2
M: 3
T: 6.7
V: -1
J_V_final: 2.0
GROUND_STATE_OVERLAP: 0.9999910598926128
ENERGY_DIFFERENCE: 5.687178968738493e-05
