N: 2
M: 3
T: 5.875
V: 1
J_V_final: 2.0
GROUND_STATE_OVERLAP: 0.9999669375094022
ENERGY_DIFFERENCE: 0.00017071015094138886
