N: 2
M: 3
T: 2.1625
V: 1
J_V_final: 0.0
GROUND_STATE_OVERLAP: 3.535887007273441e-35
ENERGY_DIFFERENCE: 1.0000590153757505
