N: 2
M: 5
T: 10.0
V: 1
J_V_final: 2.0
GROUND_STATE_OVERLAP: 0.9989296379654873
ENERGY_DIFFERENCE: 0.0038837890818879117
