N: 2
M: 2
T: 1.7500000000000002
V: 1
J_V_final: 0.5
GROUND_STATE_OVERLAP: 6.662548689382042e-19
ENERGY_DIFFERENCE: 0.8454801339382444
