N: 2
M: 4
T: 10.0
V: -1
J_V_final: 0.5
GROUND_STATE_OVERLAP: 0.98484868546183
ENERGY_DIFFERENCE: 0.014767247620380175
