N: 2
M: 3
T: 5.05
V: 1
J_V_final: 0.0
GROUND_STATE_OVERLAP: 6.168994353115365e-35
ENERGY_DIFFERENCE: 1.0000309589604555
