N: 2
M: 2
T: 3.4000000000000004
V: 1
J_V_final: 2.0
GROUND_STATE_OVERLAP: 0.999981090071039
ENERGY_DIFFERENCE: 0.00015069422893798645
