N: 2
M: 5
T: 2.575
V: 1
J_V_final: 0.5
GROUND_STATE_OVERLAP: 1.4400070305995444e-19
ENERGY_DIFFERENCE: 1.475323910738217
