N: 2
M: 3
T: 8.762500000000001
V: -1
J_V_final: 0.0
GROUND_STATE_OVERLAP: 0.9890332635704805
ENERGY_DIFFERENCE: 0.010966736429519397
