N: 2
M: 2
T: 5.05
V: 1
J_V_final: 2.0
GROUND_STATE_OVERLAP: 0.9999822594238691
ENERGY_DIFFERENCE: 0.00014035443075854914
