N: 2
M: 2
T: 9.175
V: 1
J_V_final: 0.5
GROUND_STATE_OVERLAP: 9.604930037459909e-18
ENERGY_DIFFERENCE: 0.5236609814315951
