N: 2
M: 4
T: 0.5125000000000001
V: 1
J_V_final: 0.0
GROUND_STATE_OVERLAP: 4.6493152563723116e-34
ENERGY_DIFFERENCE: 1.000126349037096
