N: 2
M: 4
T: 6.7
V: -1
J_V_final: 2.0
GROUND_STATE_OVERLAP: 0.9994087018269469
ENERGY_DIFFERENCE: 0.003002623769757129
