N: 2
M: 5
T: 8.762500000000001
V: -1
J_V_final: 0.0
GROUND_STATE_OVERLAP: 0.9619231889028047
ENERGY_DIFFERENCE: 0.038076811097195185
