N: 2
M: 2
T: 3.8125000000000004
V: 1
J_V_final: 0.0
GROUND_STATE_OVERLAP: 9.441570625804613e-35
ENERGY_DIFFERENCE: 1.0000533107919154
