N: 2
M: 5
T: 4.225
V: -1
J_V_final: 0.0
GROUND_STATE_OVERLAP: 0.8819378310550692
ENERGY_DIFFERENCE: 0.11806216894493071
