N: 2
M: 5
T: 9.175
V: 1
J_V_final: 0.5
GROUND_STATE_OVERLAP: -3.7681728685875104e-20
ENERGY_DIFFERENCE: 1.2586060548517102
