N: 2
M: 5
T: 8.35
V: -1
J_V_final: 0.5
GROUND_STATE_OVERLAP: 0.9890500250080243
ENERGY_DIFFERENCE: 0.011524786895147798
