N: 2
M: 5
T: 6.7
V: 1
J_V_final: 0.0
GROUND_STATE_OVERLAP: 6.622761308095674e-35
ENERGY_DIFFERENCE: 1.0000197079086706
