N: 2
M: 5
T: 5.875
V: 1
J_V_final: 2.0
GROUND_STATE_OVERLAP: 0.9981276410910241
ENERGY_DIFFERENCE: 0.006200072987459393
