N: 2
M: 2
T: 6.7
V: 1
J_V_final: 2.0
GROUND_STATE_OVERLAP: 0.9999847484210255
ENERGY_DIFFERENCE: 0.00011402580821018304
