N: 2
M: 3
T: 8.35
V: 1
J_V_final: 0.5
GROUND_STATE_OVERLAP: 2.4398269851415354e-18
ENERGY_DIFFERENCE: 0.945739177741551
