N: 2
M: 5
T: 3.4000000000000004
V: -1
J_V_final: 0.0
GROUND_STATE_OVERLAP: 0.8354374483222162
ENERGY_DIFFERENCE: 0.164562551677784
