N: 2
M: 5
T: 1.3375000000000001
V: 1
J_V_final: 2.0
GROUND_STATE_OVERLAP: 0.9325620762374082
ENERGY_DIFFERENCE: 0.3159341279662762
