N: 2
M: 5
T: 5.875
V: 1
J_V_final: 0.0
GROUND_STATE_OVERLAP: 2.8464833489646275e-33
ENERGY_DIFFERENCE: 1.0000228827018438
