N: 2
M: 3
T: 0.925
V: 1
J_V_final: 0.5
GROUND_STATE_OVERLAP: -1.1921787915084354e-19
ENERGY_DIFFERENCE: 1.3494666549546477
