N: 2
M: 4
T: 1.3375000000000001
V: -1
J_V_final: 2.0
GROUND_STATE_OVERLAP: 0.9586856945393175
ENERGY_DIFFERENCE: 0.23298909667912415
