N: 2
M: 3
T: 2.1625
V: -1
J_V_final: 2.0
GROUND_STATE_OVERLAP: 0.9984139341531124
ENERGY_DIFFERENCE: 0.010102543710675427
