N: 2
M: 2
T: 2.9875000000000003
V: 1
J_V_final: 0.0
GROUND_STATE_OVERLAP: 1.2079432611196743e-30
ENERGY_DIFFERENCE: 1.3101781399869195
