N: 2
M: 5
T: 6.7
V: 1
J_V_final: 2.0
GROUND_STATE_OVERLAP: 0.9972508010976971
ENERGY_DIFFERENCE: 0.01106610087691351
