N: 2
M: 3
T: 0.1
V: -1
J_V_final: 2.0
GROUND_STATE_OVERLAP: 0.0667292746610978
ENERGY_DIFFERENCE: 5.9679096884042275
