N: 2
M: 3
T: 0.1
V: -1
J_V_final: 0.5
GROUND_STATE_OVERLAP: 0.0458416981475493
ENERGY_DIFFERENCE: 1.9754293101477025
