N: 2
M: 2
T: 6.2875000000000005
V: 1
J_V_final: 2.0
GROUND_STATE_OVERLAP: 0.9999863559292173
ENERGY_DIFFERENCE: 0.00010881794151984536
