N: 2
M: 3
T: 0.1
V: 1
J_V_final: 0.5
GROUND_STATE_OVERLAP: -1.9726781676449885e-20
ENERGY_DIFFERENCE: 1.3465480742586264
