N: 2
M: 3
T: 2.1625
V: -1
J_V_final: 0.0
GROUND_STATE_OVERLAP: 0.7615731214473133
ENERGY_DIFFERENCE: 0.23842687855268663
