N: 2
M: 3
T: 5.4625
V: 1
J_V_final: 2.0
GROUND_STATE_OVERLAP: 0.9999235742206666
ENERGY_DIFFERENCE: 0.0003680290446919088
