N: 2
M: 4
T: 10.0
V: -1
J_V_final: 2.0
GROUND_STATE_OVERLAP: 0.9995176362299769
ENERGY_DIFFERENCE: 0.0022247305629630176
