N: 2
M: 3
T: 1.3375000000000001
V: 1
J_V_final: 2.0
GROUND_STATE_OVERLAP: 0.9959246218969721
ENERGY_DIFFERENCE: 0.02147683384908916
