N: 2
M: 3
T: 7.9375
V: 1
J_V_final: 0.5
GROUND_STATE_OVERLAP: -4.5699673163949886e-18
ENERGY_DIFFERENCE: 0.952348817213152
