N: 2
M: 3
T: 3.8125000000000004
V: -1
J_V_final: 0.5
GROUND_STATE_OVERLAP: 0.9922311212952056
ENERGY_DIFFERENCE: 0.014464124101764009
