N: 2
M: 5
T: 0.5125000000000001
V: -1
J_V_final: 2.0
GROUND_STATE_OVERLAP: 0.12421434944833416
ENERGY_DIFFERENCE: 2.6829002898328485
