N: 2
M: 4
T: 9.5875
V: 1
J_V_final: 0.0
GROUND_STATE_OVERLAP: 3.0055039561824247e-34
ENERGY_DIFFERENCE: 1.000011764573015
