N: 2
M: 5
T: 9.5875
V: -1
J_V_final: 0.5
GROUND_STATE_OVERLAP: 0.9903785853814436
ENERGY_DIFFERENCE: 0.00927853062459505
