N: 2
M: 2
T: 0.925
V: -1
J_V_final: 0.5
GROUND_STATE_OVERLAP: 0.9962952412072421
ENERGY_DIFFERENCE: 0.008064403681501853
