N: 2
M: 2
T: 2.1625
V: -1
J_V_final: 0.0
GROUND_STATE_OVERLAP: 0.8919466738692972
ENERGY_DIFFERENCE: 0.10805332613070284
