N: 2
M: 2
T: 0.1
V: -1
J_V_final: 0.5
GROUND_STATE_OVERLAP: 0.16734744794685483
ENERGY_DIFFERENCE: 1.5538638489915837
