N: 2
M: 4
T: 8.762500000000001
V: 1
J_V_final: 0.5
GROUND_STATE_OVERLAP: -1.7376658085511867e-18
ENERGY_DIFFERENCE: 1.15011627013115
