N: 2
M: 4
T: 2.575
V: 1
J_V_final: 0.0
GROUND_STATE_OVERLAP: 1.5384870063562099e-34
ENERGY_DIFFERENCE: 1.0000486178196704
