N: 2
M: 3
T: 3.4000000000000004
V: -1
J_V_final: 0.5
GROUND_STATE_OVERLAP: 0.9909994866377432
ENERGY_DIFFERENCE: 0.01670668388369534
