N: 2
M: 2
T: 3.8125000000000004
V: -1
J_V_final: 0.0
GROUND_STATE_OVERLAP: 0.9395898127636209
ENERGY_DIFFERENCE: 0.06041018723637892
