N: 2
M: 5
T: 5.4625
V: -1
J_V_final: 0.5
GROUND_STATE_OVERLAP: 0.9712839862672747
ENERGY_DIFFERENCE: 0.030263888549958207
