N: 2
M: 3
T: 0.925
V: 1
J_V_final: 2.0
GROUND_STATE_OVERLAP: 0.9708492727592788
ENERGY_DIFFERENCE: 0.14881887000200322
