N: 2
M: 2
T: 8.35
V: 1
J_V_final: 2.0
GROUND_STATE_OVERLAP: 0.9999956512087851
ENERGY_DIFFERENCE: 3.472580139263215e-05
