N: 2
M: 2
T: 10.0
V: 1
J_V_final: 0.0
GROUND_STATE_OVERLAP: 1.8416705093202943e-33
ENERGY_DIFFERENCE: 1.0000203532467844
