N: 2
M: 5
T: 8.35
V: -1
J_V_final: 0.0
GROUND_STATE_OVERLAP: 0.9780165728969058
ENERGY_DIFFERENCE: 0.02198342710309409
