N: 2
M: 3
T: 10.0
V: 1
J_V_final: 0.0
GROUND_STATE_OVERLAP: 1.9864914133416e-33
ENERGY_DIFFERENCE: 1.0000177190731971
