N: 2
M: 3
T: 1.3375000000000001
V: -1
J_V_final: 0.5
GROUND_STATE_OVERLAP: 0.9677822198471859
ENERGY_DIFFERENCE: 0.07464139057683106
