N: 2
M: 4
T: 1.3375000000000001
V: 1
J_V_final: 0.5
GROUND_STATE_OVERLAP: -3.0204591021825292e-19
ENERGY_DIFFERENCE: 1.4084466728298413
