N: 2
M: 5
T: 7.525
V: 1
J_V_final: 0.0
GROUND_STATE_OVERLAP: 2.6172403608803664e-34
ENERGY_DIFFERENCE: 1.0000260621422536
