N: 2
M: 2
T: 3.8125000000000004
V: 1
J_V_final: 0.5
GROUND_STATE_OVERLAP: 1.6694082908960353e-19
ENERGY_DIFFERENCE: 0.6754572551166919
