N: 2
M: 2
T: 8.762500000000001
V: -1
J_V_final: 2.0
GROUND_STATE_OVERLAP: 0.9999992680760048
ENERGY_DIFFERENCE: 5.340663646435928e-06
