N: 2
M: 3
T: 8.35
V: 1
J_V_final: 2.0
GROUND_STATE_OVERLAP: 0.9998504710536561
ENERGY_DIFFERENCE: 0.0007319638275697926
