N: 2
M: 2
T: 1.3375000000000001
V: 1
J_V_final: 2.0
GROUND_STATE_OVERLAP: 0.9984251326166421
ENERGY_DIFFERENCE: 0.012322860630591403
