N: 2
M: 2
T: 8.35
V: -1
J_V_final: 0.0
GROUND_STATE_OVERLAP: 0.9833804785959719
ENERGY_DIFFERENCE: 0.01661952140402778
