N: 2
M: 4
T: 1.3375000000000001
V: -1
J_V_final: 0.0
GROUND_STATE_OVERLAP: 0.6546794000753405
ENERGY_DIFFERENCE: 0.34532059992465935
