N: 2
M: 3
T: 7.9375
V: 1
J_V_final: 0.5
GROUND_STATE_OVERLAP: 1.9951390998292256e-18
ENERGY_DIFFERENCE: 0.9532404589087301
