N: 2
M: 2
T: 9.175
V: -1
J_V_final: 0.0
GROUND_STATE_OVERLAP: 0.989657223212862
ENERGY_DIFFERENCE: 0.010342776787137908
