N: 2
M: 2
T: 7.525
V: -1
J_V_final: 2.0
GROUND_STATE_OVERLAP: 0.9999997580055566
ENERGY_DIFFERENCE: 1.8324006214598398e-06
