N: 2
M: 5
T: 3.4000000000000004
V: 1
J_V_final: 2.0
GROUND_STATE_OVERLAP: 0.9831427134091958
ENERGY_DIFFERENCE: 0.06456156752865194
