N: 2
M: 5
T: 0.1
V: -1
J_V_final: 0.0
GROUND_STATE_OVERLAP: 0.0018331324222737727
ENERGY_DIFFERENCE: 0.9981668675777262
