N: 2
M: 2
T: 8.35
V: -1
J_V_final: 2.0
GROUND_STATE_OVERLAP: 0.9999998446906186
ENERGY_DIFFERENCE: 1.2004473397553284e-06
