N: 2
M: 4
T: 2.1625
V: -1
J_V_final: 2.0
GROUND_STATE_OVERLAP: 0.9879958288630503
ENERGY_DIFFERENCE: 0.05993012660663677
