N: 2
M: 3
T: 10.0
V: 1
J_V_final: 0.0
GROUND_STATE_OVERLAP: 1.3278426840171736e-34
ENERGY_DIFFERENCE: 1.0000177103741779
