N: 2
M: 3
T: 1.3375000000000001
V: 1
J_V_final: 2.0
GROUND_STATE_OVERLAP: 0.9959226793555558
ENERGY_DIFFERENCE: 0.021478522290009572
