N: 2
M: 2
T: 3.8125000000000004
V: 1
J_V_final: 2.0
GROUND_STATE_OVERLAP: 0.9999883410502012
ENERGY_DIFFERENCE: 9.227535474476412e-05
