N: 2
M: 3
T: 8.762500000000001
V: -1
J_V_final: 0.5
GROUND_STATE_OVERLAP: 0.9910333638989359
ENERGY_DIFFERENCE: 0.016335420319684824
