N: 2
M: 2
T: 8.762500000000001
V: -1
J_V_final: 0.5
GROUND_STATE_OVERLAP: 0.9984758807421817
ENERGY_DIFFERENCE: 0.0031901353996486304
