N: 2
M: 4
T: 6.7
V: 1
J_V_final: 0.0
GROUND_STATE_OVERLAP: 6.229179663877466e-34
ENERGY_DIFFERENCE: 1.0000247140934115
