N: 2
M: 3
T: 9.175
V: 1
J_V_final: 0.5
GROUND_STATE_OVERLAP: 3.0246077890437982e-18
ENERGY_DIFFERENCE: 0.9288308428106241
