N: 2
M: 2
T: 7.1125
V: 1
J_V_final: 0.5
GROUND_STATE_OVERLAP: 1.0196076913156178e-17
ENERGY_DIFFERENCE: 0.5289708197400773
