N: 2
M: 4
T: 0.1
V: -1
J_V_final: 0.5
GROUND_STATE_OVERLAP: 0.01630459362182849
ENERGY_DIFFERENCE: 2.1433209853737685
