N: 2
M: 5
T: 0.925
V: 1
J_V_final: 0.0
GROUND_STATE_OVERLAP: 1.0532446277422209e-35
ENERGY_DIFFERENCE: 1.0000908842856182
