N: 2
M: 4
T: 6.2875000000000005
V: -1
J_V_final: 2.0
GROUND_STATE_OVERLAP: 0.9992688432147778
ENERGY_DIFFERENCE: 0.0037021673839818803
