N: 2
M: 3
T: 7.9375
V: 1
J_V_final: 2.0
GROUND_STATE_OVERLAP: 0.9998870068047964
ENERGY_DIFFERENCE: 0.000592896517274788
