N: 2
M: 3
T: 0.925
V: -1
J_V_final: 0.0
GROUND_STATE_OVERLAP: 0.6107258718753958
ENERGY_DIFFERENCE: 0.38927412812460405
