N: 2
M: 3
T: 7.525
V: -1
J_V_final: 0.0
GROUND_STATE_OVERLAP: 0.966933018056448
ENERGY_DIFFERENCE: 0.03306698194355184
