N: 2
M: 5
T: 9.175
V: -1
J_V_final: 2.0
GROUND_STATE_OVERLAP: 0.9982011762593485
ENERGY_DIFFERENCE: 0.007492986523217837
