N: 2
M: 3
T: 10.0
V: -1
J_V_final: 0.5
GROUND_STATE_OVERLAP: 0.9853343183765839
ENERGY_DIFFERENCE: 0.024400568077016294
