N: 2
M: 2
T: 3.8125000000000004
V: -1
J_V_final: 0.5
GROUND_STATE_OVERLAP: 0.9980686111307527
ENERGY_DIFFERENCE: 0.0039965619739263936
