N: 2
M: 4
T: 7.525
V: 1
J_V_final: 0.0
GROUND_STATE_OVERLAP: 4.769685877896514e-34
ENERGY_DIFFERENCE: 1.0000260618876284
