N: 2
M: 2
T: 9.5875
V: 1
J_V_final: 0.0
GROUND_STATE_OVERLAP: 3.370612501547827e-34
ENERGY_DIFFERENCE: 1.000175739070148
