N: 2
M: 2
T: 5.875
V: -1
J_V_final: 0.5
GROUND_STATE_OVERLAP: 0.9983638985447375
ENERGY_DIFFERENCE: 0.003477947926013858
