N: 2
M: 3
T: 9.5875
V: 1
J_V_final: 2.0
GROUND_STATE_OVERLAP: 0.9999774304928585
ENERGY_DIFFERENCE: 0.00011917631720592681
