N: 2
M: 4
T: 7.9375
V: 1
J_V_final: 2.0
GROUND_STATE_OVERLAP: 0.9996313914813135
ENERGY_DIFFERENCE: 0.0017128065695581896
