N: 2
M: 3
T: 5.05
V: -1
J_V_final: 2.0
GROUND_STATE_OVERLAP: 0.9999365420014046
ENERGY_DIFFERENCE: 0.00039671494478721314
