N: 2
M: 2
T: 3.4000000000000004
V: -1
J_V_final: 0.0
GROUND_STATE_OVERLAP: 0.9368830420568683
ENERGY_DIFFERENCE: 0.06311695794313166
