N: 2
M: 5
T: 0.1
V: 1
J_V_final: 0.5
GROUND_STATE_OVERLAP: 1.1874532142651055e-21
ENERGY_DIFFERENCE: 1.694581622628144
