N: 2
M: 2
T: 4.6375
V: -1
J_V_final: 0.5
GROUND_STATE_OVERLAP: 0.9975559696210938
ENERGY_DIFFERENCE: 0.005068316641443582
