N: 2
M: 3
T: 2.575
V: -1
J_V_final: 0.5
GROUND_STATE_OVERLAP: 0.9909910923326426
ENERGY_DIFFERENCE: 0.016796051616637664
