N: 2
M: 5
T: 4.225
V: -1
J_V_final: 2.0
GROUND_STATE_OVERLAP: 0.9918508189380251
ENERGY_DIFFERENCE: 0.03179593938396952
