N: 2
M: 3
T: 7.1125
V: -1
J_V_final: 2.0
GROUND_STATE_OVERLAP: 0.9999776804663096
ENERGY_DIFFERENCE: 0.00013726099941813175
