N: 2
M: 4
T: 8.35
V: 1
J_V_final: 0.0
GROUND_STATE_OVERLAP: 2.986696046569268e-33
ENERGY_DIFFERENCE: 1.0000108303980533
