N: 2
M: 5
T: 6.7
V: -1
J_V_final: 2.0
GROUND_STATE_OVERLAP: 0.9958164249859649
ENERGY_DIFFERENCE: 0.014963079703885107
