N: 2
M: 5
T: 5.875
V: -1
J_V_final: 0.0
GROUND_STATE_OVERLAP: 0.9104657683429271
ENERGY_DIFFERENCE: 0.08953423165707264
