N: 2
M: 3
T: 5.05
V: 1
J_V_final: 2.0
GROUND_STATE_OVERLAP: 0.999836704252037
ENERGY_DIFFERENCE: 0.0008477935083233135
