N: 2
M: 3
T: 4.225
V: -1
J_V_final: 0.0
GROUND_STATE_OVERLAP: 0.9165625444372356
ENERGY_DIFFERENCE: 0.08343745556276405
