N: 2
M: 2
T: 4.6375
V: -1
J_V_final: 0.0
GROUND_STATE_OVERLAP: 0.9783618262073586
ENERGY_DIFFERENCE: 0.021638173792641324
