N: 2
M: 5
T: 3.8125000000000004
V: -1
J_V_final: 2.0
GROUND_STATE_OVERLAP: 0.9882879088669276
ENERGY_DIFFERENCE: 0.04322275821093946
