N: 2
M: 5
T: 5.875
V: -1
J_V_final: 2.0
GROUND_STATE_OVERLAP: 0.9949791690438818
ENERGY_DIFFERENCE: 0.018349433722964825
