N: 2
M: 5
T: 9.175
V: 1
J_V_final: 0.0
GROUND_STATE_OVERLAP: 2.4384747289896895e-33
ENERGY_DIFFERENCE: 1.0000218547641615
