N: 2
M: 4
T: 0.5125000000000001
V: -1
J_V_final: 0.5
GROUND_STATE_OVERLAP: 0.2953867629151182
ENERGY_DIFFERENCE: 0.6590311258442278
