N: 2
M: 2
T: 3.4000000000000004
V: 1
J_V_final: 0.5
GROUND_STATE_OVERLAP: 8.936314941956774e-32
ENERGY_DIFFERENCE: 0.591394509253618
