N: 2
M: 5
T: 4.225
V: 1
J_V_final: 0.5
GROUND_STATE_OVERLAP: 2.314628312148393e-19
ENERGY_DIFFERENCE: 1.3225170335786702
