N: 2
M: 4
T: 5.4625
V: 1
J_V_final: 0.5
GROUND_STATE_OVERLAP: -3.712316087802457e-19
ENERGY_DIFFERENCE: 1.219696205486588
