N: 2
M: 2
T: 10.0
V: -1
J_V_final: 2.0
GROUND_STATE_OVERLAP: 0.9999993362075814
ENERGY_DIFFERENCE: 5.233664806425509e-06
