N: 2
M: 3
T: 4.6375
V: -1
J_V_final: 0.0
GROUND_STATE_OVERLAP: 0.9374853889902846
ENERGY_DIFFERENCE: 0.06251461100971523
