N: 2
M: 3
T: 7.9375
V: 1
J_V_final: 0.0
GROUND_STATE_OVERLAP: 7.636018881163675e-35
ENERGY_DIFFERENCE: 1.000022761161388
