N: 2
M: 2
T: 2.9875000000000003
V: -1
J_V_final: 0.5
GROUND_STATE_OVERLAP: 0.9983741243499668
ENERGY_DIFFERENCE: 0.003330007514503741
