N: 2
M: 3
T: 5.4625
V: -1
J_V_final: 2.0
GROUND_STATE_OVERLAP: 0.9999711372336872
ENERGY_DIFFERENCE: 0.0001806585996080301
