N: 2
M: 2
T: 7.9375
V: -1
J_V_final: 0.5
GROUND_STATE_OVERLAP: 0.9987748559001284
ENERGY_DIFFERENCE: 0.002502322182865946
