N: 2
M: 4
T: 0.1
V: -1
J_V_final: 0.0
GROUND_STATE_OVERLAP: 0.0019274495011935263
ENERGY_DIFFERENCE: 0.9980725504988065
