N: 2
M: 2
T: 7.1125
V: 1
J_V_final: 0.0
GROUND_STATE_OVERLAP: 1.5467624865859988e-33
ENERGY_DIFFERENCE: 1.000067591883837
