N: 2
M: 2
T: 10.0
V: -1
J_V_final: 0.0
GROUND_STATE_OVERLAP: 0.9900631607481473
ENERGY_DIFFERENCE: 0.009936839251852514
