N: 2
M: 4
T: 8.35
V: 1
J_V_final: 0.5
GROUND_STATE_OVERLAP: 1.4052345548050966e-18
ENERGY_DIFFERENCE: 1.156449579500396
