N: 2
M: 3
T: 1.3375000000000001
V: 1
J_V_final: 0.5
GROUND_STATE_OVERLAP: -1.3899384191173654e-18
ENERGY_DIFFERENCE: 1.107364250064808
