N: 2
M: 5
T: 2.9875000000000003
V: -1
J_V_final: 0.5
GROUND_STATE_OVERLAP: 0.965287108165839
ENERGY_DIFFERENCE: 0.06200839133155922
