N: 2
M: 4
T: 4.6375
V: -1
J_V_final: 2.0
GROUND_STATE_OVERLAP: 0.9979344032205213
ENERGY_DIFFERENCE: 0.010741982411734519
