N: 2
M: 2
T: 2.1625
V: 1
J_V_final: 2.0
GROUND_STATE_OVERLAP: 0.9997738982783307
ENERGY_DIFFERENCE: 0.0017792738039155154
