N: 2
M: 3
T: 0.925
V: -1
J_V_final: 0.5
GROUND_STATE_OVERLAP: 0.930384738877552
ENERGY_DIFFERENCE: 0.15041192049927088
