N: 2
M: 3
T: 0.5125000000000001
V: 1
J_V_final: 0.5
GROUND_STATE_OVERLAP: -3.67402342976064e-19
ENERGY_DIFFERENCE: 1.308945527352973
