N: 2
M: 2
T: 0.5125000000000001
V: -1
J_V_final: 0.0
GROUND_STATE_OVERLAP: 0.599338155278587
ENERGY_DIFFERENCE: 0.40066184472141286
