N: 2
M: 3
T: 4.6375
V: 1
J_V_final: 2.0
GROUND_STATE_OVERLAP: 0.9998945332214452
ENERGY_DIFFERENCE: 0.0005475501899239177
