N: 2
M: 3
T: 1.3375000000000001
V: 1
J_V_final: 0.0
GROUND_STATE_OVERLAP: 7.222237291452134e-35
ENERGY_DIFFERENCE: 1.0000666748904998
