N: 2
M: 3
T: 3.4000000000000004
V: 1
J_V_final: 2.0
GROUND_STATE_OVERLAP: 0.9992595132837255
ENERGY_DIFFERENCE: 0.0038142099978228927
