N: 2
M: 4
T: 2.9875000000000003
V: -1
J_V_final: 0.0
GROUND_STATE_OVERLAP: 0.8127145965842028
ENERGY_DIFFERENCE: 0.18728540341579714
