N: 2
M: 2
T: 2.575
V: -1
J_V_final: 0.5
GROUND_STATE_OVERLAP: 0.997600048381364
ENERGY_DIFFERENCE: 0.004984420751113827
