N: 2
M: 4
T: 4.6375
V: -1
J_V_final: 0.0
GROUND_STATE_OVERLAP: 0.9044570527020188
ENERGY_DIFFERENCE: 0.09554294729798118
