N: 2
M: 5
T: 1.3375000000000001
V: 1
J_V_final: 0.5
GROUND_STATE_OVERLAP: 1.602583996058878e-19
ENERGY_DIFFERENCE: 1.5244001407369554
