N: 2
M: 3
T: 6.2875000000000005
V: -1
J_V_final: 2.0
GROUND_STATE_OVERLAP: 0.9999437499628551
ENERGY_DIFFERENCE: 0.00035629446470597514
