N: 2
M: 2
T: 10.0
V: 1
J_V_final: 2.0
GROUND_STATE_OVERLAP: 0.9999970698715817
ENERGY_DIFFERENCE: 1.5576268390216086e-05
