N: 2
M: 5
T: 2.575
V: -1
J_V_final: 0.5
GROUND_STATE_OVERLAP: 0.9662529949666372
ENERGY_DIFFERENCE: 0.06304231857589881
