N: 2
M: 3
T: 7.525
V: 1
J_V_final: 2.0
GROUND_STATE_OVERLAP: 0.9997394591062653
ENERGY_DIFFERENCE: 0.001031690659033302
