N: 2
M: 4
T: 4.6375
V: 1
J_V_final: 0.5
GROUND_STATE_OVERLAP: 4.351007394488527e-19
ENERGY_DIFFERENCE: 1.2429887506061466
