N: 2
M: 2
T: 1.7500000000000002
V: -1
J_V_final: 0.5
GROUND_STATE_OVERLAP: 0.9974286886143613
ENERGY_DIFFERENCE: 0.005393104471824728
