N: 2
M: 5
T: 2.1625
V: 1
J_V_final: 2.0
GROUND_STATE_OVERLAP: 0.9683328767076995
ENERGY_DIFFERENCE: 0.1012694930423157
