N: 2
M: 3
T: 8.762500000000001
V: 1
J_V_final: 0.0
GROUND_STATE_OVERLAP: 3.117607935567146e-33
ENERGY_DIFFERENCE: 1.0000217662822057
