N: 2
M: 3
T: 3.4000000000000004
V: -1
J_V_final: 0.0
GROUND_STATE_OVERLAP: 0.8551451606682356
ENERGY_DIFFERENCE: 0.14485483933176424
