N: 2
M: 2
T: 10.0
V: -1
J_V_final: 0.5
GROUND_STATE_OVERLAP: 0.9988204168906365
ENERGY_DIFFERENCE: 0.002430451346517426
