N: 2
M: 2
T: 7.9375
V: 1
J_V_final: 0.0
GROUND_STATE_OVERLAP: 3.912045199536573e-35
ENERGY_DIFFERENCE: 1.0000304835604126
