N: 2
M: 3
T: 1.7500000000000002
V: 1
J_V_final: 0.5
GROUND_STATE_OVERLAP: 2.463397999702204e-19
ENERGY_DIFFERENCE: 1.1482923906067781
