N: 2
M: 3
T: 9.175
V: 1
J_V_final: 0.0
GROUND_STATE_OVERLAP: 1.4294022210903665e-35
ENERGY_DIFFERENCE: 1.0000215056541126
