N: 2
M: 3
T: 2.575
V: 1
J_V_final: 0.0
GROUND_STATE_OVERLAP: 3.912053055776283e-35
ENERGY_DIFFERENCE: 1.0000487030817455
