N: 2
M: 4
T: 5.4625
V: -1
J_V_final: 0.0
GROUND_STATE_OVERLAP: 0.8911328270435576
ENERGY_DIFFERENCE: 0.1088671729564421
