N: 2
M: 2
T: 5.875
V: 1
J_V_final: 2.0
GROUND_STATE_OVERLAP: 0.9996339561766829
ENERGY_DIFFERENCE: 0.0013290747991314689
