N: 2
M: 3
T: 7.525
V: -1
J_V_final: 2.0
GROUND_STATE_OVERLAP: 0.9999698740076031
ENERGY_DIFFERENCE: 0.00018756784151552353
