N: 2
M: 5
T: 0.5125000000000001
V: 1
J_V_final: 0.0
GROUND_STATE_OVERLAP: 2.557875749540357e-34
ENERGY_DIFFERENCE: 1.0001262983539425
