N: 2
M: 4
T: 3.8125000000000004
V: -1
J_V_final: 2.0
GROUND_STATE_OVERLAP: 0.9963487352436804
ENERGY_DIFFERENCE: 0.017994069919988753
