N: 2
M: 4
T: 5.4625
V: -1
J_V_final: 2.0
GROUND_STATE_OVERLAP: 0.9990851334057925
ENERGY_DIFFERENCE: 0.004790570780580872
