N: 2
M: 4
T: 8.762500000000001
V: 1
J_V_final: 0.0
GROUND_STATE_OVERLAP: 1.2277803395468629e-33
ENERGY_DIFFERENCE: 1.0000212670206263
