N: 2
M: 3
T: 0.5125000000000001
V: 1
J_V_final: 2.0
GROUND_STATE_OVERLAP: 0.7275749682039448
ENERGY_DIFFERENCE: 1.1992793432858604
