N: 2
M: 2
T: 5.875
V: 1
J_V_final: 0.5
GROUND_STATE_OVERLAP: 9.360019529721966e-32
ENERGY_DIFFERENCE: 0.7047069349301636
