N: 2
M: 3
T: 5.05
V: -1
J_V_final: 0.5
GROUND_STATE_OVERLAP: 0.9905603531956871
ENERGY_DIFFERENCE: 0.0184027924139738
