N: 2
M: 2
T: 6.2875000000000005
V: -1
J_V_final: 0.0
GROUND_STATE_OVERLAP: 0.9908524898780409
ENERGY_DIFFERENCE: 0.009147510121959135
