N: 2
M: 3
T: 7.525
V: -1
J_V_final: 0.0
GROUND_STATE_OVERLAP: 0.9668988850406585
ENERGY_DIFFERENCE: 0.033101114959341205
