N: 2
M: 5
T: 7.9375
V: -1
J_V_final: 2.0
GROUND_STATE_OVERLAP: 0.9958121936110129
ENERGY_DIFFERENCE: 0.0169763631911648
