N: 2
M: 4
T: 0.1
V: 1
J_V_final: 0.0
GROUND_STATE_OVERLAP: 3.76158192263132e-35
ENERGY_DIFFERENCE: 1.0001635745470874
