N: 2
M: 2
T: 9.175
V: -1
J_V_final: 2.0
GROUND_STATE_OVERLAP: 0.9999985655018555
ENERGY_DIFFERENCE: 7.80814513134942e-06
