N: 2
M: 3
T: 3.4000000000000004
V: -1
J_V_final: 0.0
GROUND_STATE_OVERLAP: 0.8551902734576154
ENERGY_DIFFERENCE: 0.1448097265423841
