N: 2
M: 3
T: 4.225
V: 1
J_V_final: 0.5
GROUND_STATE_OVERLAP: -1.7020701032001254e-18
ENERGY_DIFFERENCE: 1.0458085134826185
