N: 2
M: 2
T: 9.5875
V: -1
J_V_final: 2.0
GROUND_STATE_OVERLAP: 0.9999993198280671
ENERGY_DIFFERENCE: 4.865754272387335e-06
