N: 2
M: 5
T: 5.4625
V: 1
J_V_final: 0.5
GROUND_STATE_OVERLAP: 6.000084828553788e-20
ENERGY_DIFFERENCE: 1.3386276901467178
