N: 3
M: 5
T: 3.4000000000000004
V: -1
J_V_final: 0.0
GROUND_STATE_OVERLAP: 0.9510244602093557
ENERGY_DIFFERENCE: 0.059474796014584275
