N: 3
M: 2
T: 10.0
V: 1
J_V_final: 0.0
GROUND_STATE_OVERLAP: 0.5832372819043404
ENERGY_DIFFERENCE: 0.6268878142310379
