N: 3
M: 4
T: 0.1
V: 1
J_V_final: 0.5
GROUND_STATE_OVERLAP: 2.700558695613379e-05
ENERGY_DIFFERENCE: 2.44928962154026
