N: 3
M: 4
T: 3.4000000000000004
V: -1
J_V_final: 0.5
GROUND_STATE_OVERLAP: 0.9732732728241031
ENERGY_DIFFERENCE: 0.044710649838624494
