N: 3
M: 2
T: 3.8125000000000004
V: 1
J_V_final: 0.0
GROUND_STATE_OVERLAP: 0.35085259953594194
ENERGY_DIFFERENCE: 1.1119348406836524
