N: 3
M: 5
T: 5.05
V: 1
J_V_final: 0.0
GROUND_STATE_OVERLAP: 0.2206153403469391
ENERGY_DIFFERENCE: 1.1722967949187284
