N: 3
M: 5
T: 8.762500000000001
V: 1
J_V_final: 0.5
GROUND_STATE_OVERLAP: 0.019331084218526643
ENERGY_DIFFERENCE: 1.250229909790133
