N: 3
M: 4
T: 3.8125000000000004
V: -1
J_V_final: 0.0
GROUND_STATE_OVERLAP: 0.9668021433573508
ENERGY_DIFFERENCE: 0.04053402514084814
