N: 3
M: 2
T: 7.525
V: 1
J_V_final: 0.0
GROUND_STATE_OVERLAP: 0.5189164194995459
ENERGY_DIFFERENCE: 0.7343931968630235
