N: 3
M: 4
T: 1.3375000000000001
V: 1
J_V_final: 0.0
GROUND_STATE_OVERLAP: 0.0723452195057743
ENERGY_DIFFERENCE: 1.560479541070307
