N: 3
M: 5
T: 0.1
V: 1
J_V_final: 2.0
GROUND_STATE_OVERLAP: 0.0005980463578755268
ENERGY_DIFFERENCE: 9.459621327925394
