N: 3
M: 3
T: 0.925
V: 1
J_V_final: 0.0
GROUND_STATE_OVERLAP: 0.04337098177694704
ENERGY_DIFFERENCE: 1.7604570273587714
