N: 3
M: 2
T: 6.2875000000000005
V: -1
J_V_final: 0.5
GROUND_STATE_OVERLAP: 0.9936148186629914
ENERGY_DIFFERENCE: 0.017011129585249307
