N: 3
M: 4
T: 3.8125000000000004
V: 1
J_V_final: 0.5
GROUND_STATE_OVERLAP: 0.011070395377792802
ENERGY_DIFFERENCE: 1.6901704453633208
