N: 3
M: 4
T: 4.225
V: 1
J_V_final: 0.5
GROUND_STATE_OVERLAP: 0.019561408710017214
ENERGY_DIFFERENCE: 1.5253650898340376
