N: 3
M: 2
T: 0.1
V: 1
J_V_final: 0.5
GROUND_STATE_OVERLAP: 0.0017267004783000812
ENERGY_DIFFERENCE: 1.8616522107174989
