N: 3
M: 2
T: 5.4625
V: -1
J_V_final: 2.0
GROUND_STATE_OVERLAP: 0.999949482751296
ENERGY_DIFFERENCE: 0.0003523746464511035
