N: 3
M: 5
T: 0.1
V: -1
J_V_final: 0.5
GROUND_STATE_OVERLAP: 0.0006355733806381258
ENERGY_DIFFERENCE: 3.5635104917048497
