N: 3
M: 3
T: 0.925
V: 1
J_V_final: 0.5
GROUND_STATE_OVERLAP: 0.0005434905962739863
ENERGY_DIFFERENCE: 1.8923039884463642
