N: 3
M: 3
T: 5.05
V: -1
J_V_final: 0.0
GROUND_STATE_OVERLAP: 0.9892681453326936
ENERGY_DIFFERENCE: 0.015404973699111535
