N: 3
M: 3
T: 2.1625
V: 1
J_V_final: 0.5
GROUND_STATE_OVERLAP: 0.04941332942134469
ENERGY_DIFFERENCE: 1.4266472264758545
