N: 3
M: 2
T: 2.1625
V: -1
J_V_final: 0.5
GROUND_STATE_OVERLAP: 0.9935845311024616
ENERGY_DIFFERENCE: 0.01736424491059596
