N: 3
M: 2
T: 8.35
V: 1
J_V_final: 0.0
GROUND_STATE_OVERLAP: 0.6309715345387947
ENERGY_DIFFERENCE: 0.5751468179927264
