N: 3
M: 3
T: 0.925
V: -1
J_V_final: 2.0
GROUND_STATE_OVERLAP: 0.9609952792680241
ENERGY_DIFFERENCE: 0.2441833738969592
