N: 3
M: 2
T: 5.05
V: 1
J_V_final: 0.0
GROUND_STATE_OVERLAP: 0.46430682667773054
ENERGY_DIFFERENCE: 0.8846087821761228
