N: 3
M: 5
T: 9.5875
V: -1
J_V_final: 2.0
GROUND_STATE_OVERLAP: 0.9974962880683262
ENERGY_DIFFERENCE: 0.007612483738579812
