N: 3
M: 5
T: 4.6375
V: -1
J_V_final: 0.5
GROUND_STATE_OVERLAP: 0.9672123573928457
ENERGY_DIFFERENCE: 0.040001978825323636
