N: 3
M: 3
T: 2.575
V: -1
J_V_final: 0.0
GROUND_STATE_OVERLAP: 0.9499140031550779
ENERGY_DIFFERENCE: 0.07184619588621799
