N: 3
M: 2
T: 9.175
V: -1
J_V_final: 0.0
GROUND_STATE_OVERLAP: 0.9997404322098953
ENERGY_DIFFERENCE: 0.0005367862091874009
