N: 3
M: 3
T: 6.2875000000000005
V: 1
J_V_final: 0.5
GROUND_STATE_OVERLAP: 0.1277213446210854
ENERGY_DIFFERENCE: 0.9920539943263611
