N: 3
M: 4
T: 4.225
V: 1
J_V_final: 2.0
GROUND_STATE_OVERLAP: 0.9840400027105451
ENERGY_DIFFERENCE: 0.018754128599736575
