N: 3
M: 5
T: 5.4625
V: -1
J_V_final: 2.0
GROUND_STATE_OVERLAP: 0.9916054712184066
ENERGY_DIFFERENCE: 0.029309659700549773
