N: 3
M: 4
T: 7.1125
V: 1
J_V_final: 0.5
GROUND_STATE_OVERLAP: 0.07145249079829355
ENERGY_DIFFERENCE: 1.072977746893835
