N: 3
M: 4
T: 5.4625
V: 1
J_V_final: 2.0
GROUND_STATE_OVERLAP: 0.9883391656423595
ENERGY_DIFFERENCE: 0.017303087582449805
