N: 3
M: 2
T: 8.35
V: -1
J_V_final: 2.0
GROUND_STATE_OVERLAP: 0.999906077999174
ENERGY_DIFFERENCE: 0.0006073239063324465
