N: 3
M: 4
T: 5.875
V: 1
J_V_final: 2.0
GROUND_STATE_OVERLAP: 0.9882394731988853
ENERGY_DIFFERENCE: 0.015655499375935022
