N: 3
M: 5
T: 9.175
V: -1
J_V_final: 0.5
GROUND_STATE_OVERLAP: 0.9759187919408006
ENERGY_DIFFERENCE: 0.02428305769009631
