N: 3
M: 5
T: 1.3375000000000001
V: -1
J_V_final: 0.0
GROUND_STATE_OVERLAP: 0.8345499353873662
ENERGY_DIFFERENCE: 0.22652948797525907
