N: 3
M: 4
T: 7.1125
V: -1
J_V_final: 0.5
GROUND_STATE_OVERLAP: 0.9820907773251502
ENERGY_DIFFERENCE: 0.02053992294599505
