N: 3
M: 5
T: 3.4000000000000004
V: 1
J_V_final: 0.5
GROUND_STATE_OVERLAP: 0.00012141825750386167
ENERGY_DIFFERENCE: 2.031039018741174
