N: 3
M: 4
T: 4.225
V: 1
J_V_final: 0.0
GROUND_STATE_OVERLAP: 0.20145169528936746
ENERGY_DIFFERENCE: 1.3277688907455565
