N: 3
M: 4
T: 6.2875000000000005
V: 1
J_V_final: 2.0
GROUND_STATE_OVERLAP: 0.9906899478434469
ENERGY_DIFFERENCE: 0.018529685565862763
