N: 3
M: 3
T: 9.175
V: -1
J_V_final: 2.0
GROUND_STATE_OVERLAP: 0.9997320512666563
ENERGY_DIFFERENCE: 0.0016079846284657862
