N: 3
M: 3
T: 10.0
V: 1
J_V_final: 2.0
GROUND_STATE_OVERLAP: 0.9986616136237821
ENERGY_DIFFERENCE: 0.0028995324966656355
