N: 3
M: 4
T: 5.875
V: 1
J_V_final: 0.0
GROUND_STATE_OVERLAP: 0.30596937610511243
ENERGY_DIFFERENCE: 1.1358641681731712
