N: 3
M: 3
T: 5.875
V: 1
J_V_final: 0.0
GROUND_STATE_OVERLAP: 0.30084771122030146
ENERGY_DIFFERENCE: 1.1483458555028463
