N: 3
M: 3
T: 6.7
V: 1
J_V_final: 2.0
GROUND_STATE_OVERLAP: 0.995724605612733
ENERGY_DIFFERENCE: 0.007841851597131466
