N: 3
M: 5
T: 8.762500000000001
V: -1
J_V_final: 2.0
GROUND_STATE_OVERLAP: 0.9966306301959289
ENERGY_DIFFERENCE: 0.012081664178017704
