N: 3
M: 4
T: 7.9375
V: -1
J_V_final: 0.0
GROUND_STATE_OVERLAP: 0.9972212854547273
ENERGY_DIFFERENCE: 0.003705403359139714
