N: 3
M: 3
T: 6.2875000000000005
V: 1
J_V_final: 0.5
GROUND_STATE_OVERLAP: 0.12731077377632713
ENERGY_DIFFERENCE: 0.9966880106004647
