N: 3
M: 3
T: 7.525
V: 1
J_V_final: 0.0
GROUND_STATE_OVERLAP: 0.5518922271936457
ENERGY_DIFFERENCE: 0.7126307604242489
