N: 3
M: 4
T: 8.762500000000001
V: -1
J_V_final: 0.5
GROUND_STATE_OVERLAP: 0.9830531114438854
ENERGY_DIFFERENCE: 0.019458680809215867
