N: 3
M: 3
T: 2.9875000000000003
V: 1
J_V_final: 2.0
GROUND_STATE_OVERLAP: 0.9942104556947415
ENERGY_DIFFERENCE: 0.014693410809655916
