N: 3
M: 2
T: 5.4625
V: 1
J_V_final: 2.0
GROUND_STATE_OVERLAP: 0.9979113234578694
ENERGY_DIFFERENCE: 0.005344792988264402
