N: 3
M: 2
T: 5.05
V: -1
J_V_final: 2.0
GROUND_STATE_OVERLAP: 0.9999678505759542
ENERGY_DIFFERENCE: 0.0002176153195598829
