N: 3
M: 4
T: 9.175
V: 1
J_V_final: 0.0
GROUND_STATE_OVERLAP: 0.3990936978147517
ENERGY_DIFFERENCE: 0.8891073349712082
