N: 3
M: 3
T: 5.4625
V: 1
J_V_final: 2.0
GROUND_STATE_OVERLAP: 0.9982845872060899
ENERGY_DIFFERENCE: 0.004059757644785833
