N: 3
M: 3
T: 10.0
V: -1
J_V_final: 0.5
GROUND_STATE_OVERLAP: 0.9932417508374034
ENERGY_DIFFERENCE: 0.01314180421888489
