N: 3
M: 4
T: 5.4625
V: -1
J_V_final: 2.0
GROUND_STATE_OVERLAP: 0.9987465668905404
ENERGY_DIFFERENCE: 0.005730129991599497
