N: 3
M: 4
T: 2.1625
V: 1
J_V_final: 0.5
GROUND_STATE_OVERLAP: 0.0006073075496495457
ENERGY_DIFFERENCE: 1.9844116211458773
