N: 3
M: 5
T: 3.4000000000000004
V: 1
J_V_final: 0.0
GROUND_STATE_OVERLAP: 0.15207247337521781
ENERGY_DIFFERENCE: 1.2904703009833354
