N: 3
M: 2
T: 1.3375000000000001
V: -1
J_V_final: 2.0
GROUND_STATE_OVERLAP: 0.9965897383019121
ENERGY_DIFFERENCE: 0.023729688831608087
