N: 3
M: 5
T: 8.35
V: -1
J_V_final: 0.5
GROUND_STATE_OVERLAP: 0.9811000776010839
ENERGY_DIFFERENCE: 0.019635955865704435
