N: 3
M: 5
T: 7.1125
V: 1
J_V_final: 0.0
GROUND_STATE_OVERLAP: 0.24686722574325168
ENERGY_DIFFERENCE: 1.1160217411787134
