N: 3
M: 3
T: 3.8125000000000004
V: 1
J_V_final: 0.0
GROUND_STATE_OVERLAP: 0.30073661219927794
ENERGY_DIFFERENCE: 1.2533323070489282
