N: 3
M: 2
T: 6.2875000000000005
V: 1
J_V_final: 2.0
GROUND_STATE_OVERLAP: 0.9997328102411543
ENERGY_DIFFERENCE: 0.0014512422236361289
