N: 3
M: 5
T: 9.175
V: -1
J_V_final: 2.0
GROUND_STATE_OVERLAP: 0.997120166330034
ENERGY_DIFFERENCE: 0.009663478366135791
