N: 3
M: 4
T: 5.05
V: 1
J_V_final: 0.0
GROUND_STATE_OVERLAP: 0.21478190554265283
ENERGY_DIFFERENCE: 1.2717455043648167
