N: 3
M: 3
T: 1.7500000000000002
V: 1
J_V_final: 0.5
GROUND_STATE_OVERLAP: 0.0228269512868267
ENERGY_DIFFERENCE: 1.58515506016484
