N: 3
M: 3
T: 0.925
V: 1
J_V_final: 2.0
GROUND_STATE_OVERLAP: 0.9637058127763689
ENERGY_DIFFERENCE: 0.1664365812525146
