N: 3
M: 4
T: 0.1
V: 1
J_V_final: 0.0
GROUND_STATE_OVERLAP: 1.1618685231975048e-05
ENERGY_DIFFERENCE: 1.4145057948251758
