N: 3
M: 4
T: 2.575
V: 1
J_V_final: 0.0
GROUND_STATE_OVERLAP: 0.0982930177418723
ENERGY_DIFFERENCE: 1.4643277013223384
