N: 3
M: 5
T: 4.6375
V: 1
J_V_final: 0.5
GROUND_STATE_OVERLAP: 0.006941605687883039
ENERGY_DIFFERENCE: 1.6363459244936778
