N: 3
M: 3
T: 7.1125
V: -1
J_V_final: 2.0
GROUND_STATE_OVERLAP: 0.9998381985638013
ENERGY_DIFFERENCE: 0.0008652940375313278
