N: 3
M: 3
T: 8.762500000000001
V: -1
J_V_final: 0.0
GROUND_STATE_OVERLAP: 0.998417668451038
ENERGY_DIFFERENCE: 0.0023191802473849776
