N: 3
M: 4
T: 6.7
V: 1
J_V_final: 0.0
GROUND_STATE_OVERLAP: 0.31871489003293735
ENERGY_DIFFERENCE: 1.085502769920578
