N: 3
M: 4
T: 0.1
V: 1
J_V_final: 2.0
GROUND_STATE_OVERLAP: 0.0031802947790020688
ENERGY_DIFFERENCE: 8.672185477671064
