N: 3
M: 4
T: 0.5125000000000001
V: 1
J_V_final: 0.5
GROUND_STATE_OVERLAP: 3.298109464279654e-05
ENERGY_DIFFERENCE: 2.3428236341426336
