N: 3
M: 5
T: 4.6375
V: -1
J_V_final: 0.0
GROUND_STATE_OVERLAP: 0.9821614090897046
ENERGY_DIFFERENCE: 0.021075076833621198
