N: 3
M: 2
T: 0.5125000000000001
V: -1
J_V_final: 0.0
GROUND_STATE_OVERLAP: 0.8329887520273591
ENERGY_DIFFERENCE: 0.24841488214727692
