N: 3
M: 2
T: 10.0
V: -1
J_V_final: 0.0
GROUND_STATE_OVERLAP: 0.9997262830299187
ENERGY_DIFFERENCE: 0.0005433764620581538
