N: 3
M: 3
T: 2.575
V: -1
J_V_final: 0.5
GROUND_STATE_OVERLAP: 0.9860223028408047
ENERGY_DIFFERENCE: 0.029291748380952942
