N: 3
M: 2
T: 0.5125000000000001
V: 1
J_V_final: 0.5
GROUND_STATE_OVERLAP: 0.0021634280816792734
ENERGY_DIFFERENCE: 1.7326671436736552
