N: 3
M: 4
T: 2.9875000000000003
V: -1
J_V_final: 0.0
GROUND_STATE_OVERLAP: 0.9338732320507088
ENERGY_DIFFERENCE: 0.0814299855145082
