N: 3
M: 4
T: 5.4625
V: 1
J_V_final: 0.5
GROUND_STATE_OVERLAP: 0.02436931602601164
ENERGY_DIFFERENCE: 1.4424789080312577
