N: 3
M: 5
T: 6.7
V: 1
J_V_final: 0.0
GROUND_STATE_OVERLAP: 0.22653512315083985
ENERGY_DIFFERENCE: 1.1554009276450703
