N: 3
M: 4
T: 9.5875
V: 1
J_V_final: 2.0
GROUND_STATE_OVERLAP: 0.9931503313578322
ENERGY_DIFFERENCE: 0.008530753036160021
