N: 3
M: 3
T: 0.925
V: -1
J_V_final: 0.0
GROUND_STATE_OVERLAP: 0.8289828738057015
ENERGY_DIFFERENCE: 0.25194978285330416
