N: 3
M: 2
T: 1.3375000000000001
V: 1
J_V_final: 0.5
GROUND_STATE_OVERLAP: 0.06367185165413529
ENERGY_DIFFERENCE: 1.4107315627754642
