N: 3
M: 3
T: 4.6375
V: -1
J_V_final: 2.0
GROUND_STATE_OVERLAP: 0.9998108517322315
ENERGY_DIFFERENCE: 0.0011937946374835917
