N: 3
M: 4
T: 2.575
V: -1
J_V_final: 2.0
GROUND_STATE_OVERLAP: 0.9858739419196678
ENERGY_DIFFERENCE: 0.07033178303659327
