N: 3
M: 4
T: 9.175
V: -1
J_V_final: 0.5
GROUND_STATE_OVERLAP: 0.98425619404842
ENERGY_DIFFERENCE: 0.01865399752725283
