N: 3
M: 5
T: 1.7500000000000002
V: -1
J_V_final: 2.0
GROUND_STATE_OVERLAP: 0.9566425579873666
ENERGY_DIFFERENCE: 0.2079134120082351
