N: 3
M: 5
T: 8.35
V: -1
J_V_final: 2.0
GROUND_STATE_OVERLAP: 0.996164596284201
ENERGY_DIFFERENCE: 0.012614307108790968
