N: 3
M: 3
T: 2.575
V: 1
J_V_final: 2.0
GROUND_STATE_OVERLAP: 0.9837712036733661
ENERGY_DIFFERENCE: 0.02629691483232044
