N: 3
M: 3
T: 10.0
V: -1
J_V_final: 0.0
GROUND_STATE_OVERLAP: 0.9985770778088165
ENERGY_DIFFERENCE: 0.002055938330640883
