N: 3
M: 5
T: 10.0
V: 1
J_V_final: 0.5
GROUND_STATE_OVERLAP: 0.08647571353175232
ENERGY_DIFFERENCE: 0.8728551029850962
