N: 3
M: 3
T: 7.1125
V: -1
J_V_final: 0.0
GROUND_STATE_OVERLAP: 0.9947955352331727
ENERGY_DIFFERENCE: 0.007516520419149186
