N: 3
M: 5
T: 7.1125
V: -1
J_V_final: 2.0
GROUND_STATE_OVERLAP: 0.9933840679072813
ENERGY_DIFFERENCE: 0.021014761521913172
