N: 3
M: 5
T: 0.5125000000000001
V: -1
J_V_final: 2.0
GROUND_STATE_OVERLAP: 0.013444367358181279
ENERGY_DIFFERENCE: 6.057228252936033
