N: 3
M: 2
T: 8.35
V: 1
J_V_final: 0.5
GROUND_STATE_OVERLAP: 0.4077065211328366
ENERGY_DIFFERENCE: 0.6069778829938768
