N: 3
M: 2
T: 4.225
V: -1
J_V_final: 0.5
GROUND_STATE_OVERLAP: 0.996071158413012
ENERGY_DIFFERENCE: 0.01083547025842524
