N: 3
M: 3
T: 0.1
V: 1
J_V_final: 2.0
GROUND_STATE_OVERLAP: 0.021089289884970025
ENERGY_DIFFERENCE: 7.327116271081979
