N: 3
M: 5
T: 6.7
V: -1
J_V_final: 0.5
GROUND_STATE_OVERLAP: 0.9765978609020821
ENERGY_DIFFERENCE: 0.026495646603865275
