N: 3
M: 3
T: 3.8125000000000004
V: 1
J_V_final: 0.5
GROUND_STATE_OVERLAP: 0.09125902840103002
ENERGY_DIFFERENCE: 1.2994047192468412
