N: 3
M: 4
T: 5.4625
V: -1
J_V_final: 0.5
GROUND_STATE_OVERLAP: 0.9773760719144109
ENERGY_DIFFERENCE: 0.025673372517450055
