N: 3
M: 3
T: 1.7500000000000002
V: -1
J_V_final: 0.5
GROUND_STATE_OVERLAP: 0.9766985987569163
ENERGY_DIFFERENCE: 0.053625059839438105
