N: 3
M: 5
T: 5.05
V: -1
J_V_final: 2.0
GROUND_STATE_OVERLAP: 0.98825769385401
ENERGY_DIFFERENCE: 0.03823876174597807
