N: 3
M: 2
T: 4.225
V: 1
J_V_final: 2.0
GROUND_STATE_OVERLAP: 0.9977499921008967
ENERGY_DIFFERENCE: 0.005298033747789255
