N: 3
M: 3
T: 7.525
V: 1
J_V_final: 0.5
GROUND_STATE_OVERLAP: 0.17537971564216492
ENERGY_DIFFERENCE: 0.9830465352843152
