N: 3
M: 5
T: 0.925
V: 1
J_V_final: 0.5
GROUND_STATE_OVERLAP: 8.326193040710876e-06
ENERGY_DIFFERENCE: 2.275328014797909
