N: 3
M: 3
T: 1.3375000000000001
V: -1
J_V_final: 0.5
GROUND_STATE_OVERLAP: 0.968484863118622
ENERGY_DIFFERENCE: 0.08256362797155781
