N: 3
M: 2
T: 3.4000000000000004
V: -1
J_V_final: 0.0
GROUND_STATE_OVERLAP: 0.9943351529198876
ENERGY_DIFFERENCE: 0.010755756370637304
