N: 3
M: 2
T: 7.1125
V: 1
J_V_final: 0.0
GROUND_STATE_OVERLAP: 0.6387373921138648
ENERGY_DIFFERENCE: 0.6855850003483864
