N: 3
M: 5
T: 4.225
V: 1
J_V_final: 0.0
GROUND_STATE_OVERLAP: 0.1544109286757095
ENERGY_DIFFERENCE: 1.286530987352927
