N: 3
M: 4
T: 1.3375000000000001
V: -1
J_V_final: 0.0
GROUND_STATE_OVERLAP: 0.8342775480496826
ENERGY_DIFFERENCE: 0.2264583402321818
