N: 3
M: 2
T: 7.525
V: -1
J_V_final: 2.0
GROUND_STATE_OVERLAP: 0.9999709335124085
ENERGY_DIFFERENCE: 0.0001875959562696039
