N: 3
M: 3
T: 1.3375000000000001
V: 1
J_V_final: 0.0
GROUND_STATE_OVERLAP: 0.07660149178810195
ENERGY_DIFFERENCE: 1.5422401810936612
