N: 3
M: 3
T: 5.05
V: -1
J_V_final: 2.0
GROUND_STATE_OVERLAP: 0.9999361597058607
ENERGY_DIFFERENCE: 0.0003926271472334264
