N: 3
M: 2
T: 2.1625
V: -1
J_V_final: 0.0
GROUND_STATE_OVERLAP: 0.9846030162972944
ENERGY_DIFFERENCE: 0.030482601666733444
