N: 3
M: 4
T: 3.4000000000000004
V: 1
J_V_final: 0.5
GROUND_STATE_OVERLAP: 0.014213579471844064
ENERGY_DIFFERENCE: 1.6565080547681443
