N: 3
M: 5
T: 2.575
V: -1
J_V_final: 2.0
GROUND_STATE_OVERLAP: 0.9469850042639214
ENERGY_DIFFERENCE: 0.24902121595822457
