N: 3
M: 4
T: 2.575
V: 1
J_V_final: 2.0
GROUND_STATE_OVERLAP: 0.9726220022275357
ENERGY_DIFFERENCE: 0.07459432199585869
