N: 3
M: 5
T: 0.5125000000000001
V: 1
J_V_final: 2.0
GROUND_STATE_OVERLAP: 0.0032195285665720537
ENERGY_DIFFERENCE: 7.012550348770572
