N: 3
M: 3
T: 5.4625
V: -1
J_V_final: 0.5
GROUND_STATE_OVERLAP: 0.9868551026642522
ENERGY_DIFFERENCE: 0.025869386925663207
