N: 3
M: 5
T: 9.5875
V: 1
J_V_final: 0.0
GROUND_STATE_OVERLAP: 0.5249285650795326
ENERGY_DIFFERENCE: 0.7059119884821731
