N: 3
M: 3
T: 5.05
V: 1
J_V_final: 0.0
GROUND_STATE_OVERLAP: 0.284547406956672
ENERGY_DIFFERENCE: 1.2469112134489486
