N: 3
M: 3
T: 5.4625
V: 1
J_V_final: 0.0
GROUND_STATE_OVERLAP: 0.25005701410634584
ENERGY_DIFFERENCE: 1.1933801939099196
