N: 3
M: 3
T: 4.225
V: -1
J_V_final: 0.5
GROUND_STATE_OVERLAP: 0.9870305299768346
ENERGY_DIFFERENCE: 0.026003696557123757
