N: 3
M: 2
T: 0.1
V: -1
J_V_final: 0.5
GROUND_STATE_OVERLAP: 0.056197606180796035
ENERGY_DIFFERENCE: 2.613227450478003
