N: 3
M: 4
T: 3.4000000000000004
V: 1
J_V_final: 2.0
GROUND_STATE_OVERLAP: 0.9820717300364165
ENERGY_DIFFERENCE: 0.0339051574407776
