N: 3
M: 3
T: 0.925
V: -1
J_V_final: 2.0
GROUND_STATE_OVERLAP: 0.9609953023046013
ENERGY_DIFFERENCE: 0.24418335933645352
