N: 3
M: 2
T: 9.175
V: -1
J_V_final: 0.5
GROUND_STATE_OVERLAP: 0.9992160649547395
ENERGY_DIFFERENCE: 0.0023223039510278376
