N: 3
M: 5
T: 2.575
V: -1
J_V_final: 0.5
GROUND_STATE_OVERLAP: 0.9471774141431737
ENERGY_DIFFERENCE: 0.11670251024035894
