N: 3
M: 4
T: 0.925
V: 1
J_V_final: 2.0
GROUND_STATE_OVERLAP: 0.9222158385322158
ENERGY_DIFFERENCE: 0.4021779304863511
