N: 3
M: 5
T: 1.3375000000000001
V: 1
J_V_final: 0.5
GROUND_STATE_OVERLAP: 1.5009501774083409e-05
ENERGY_DIFFERENCE: 2.140863931194928
