N: 3
M: 5
T: 2.575
V: 1
J_V_final: 0.0
GROUND_STATE_OVERLAP: 0.09321433084142203
ENERGY_DIFFERENCE: 1.4817688239739137
