N: 3
M: 5
T: 4.6375
V: 1
J_V_final: 0.0
GROUND_STATE_OVERLAP: 0.20606828140457192
ENERGY_DIFFERENCE: 1.2587459652488724
