N: 3
M: 2
T: 3.4000000000000004
V: 1
J_V_final: 0.0
GROUND_STATE_OVERLAP: 0.20426158057109167
ENERGY_DIFFERENCE: 1.6448191078340932
