N: 3
M: 4
T: 2.575
V: -1
J_V_final: 0.5
GROUND_STATE_OVERLAP: 0.9715995342253873
ENERGY_DIFFERENCE: 0.05497406903625457
