N: 3
M: 5
T: 9.5875
V: -1
J_V_final: 0.5
GROUND_STATE_OVERLAP: 0.9793724028948256
ENERGY_DIFFERENCE: 0.021618082462081745
