N: 3
M: 3
T: 5.875
V: -1
J_V_final: 0.0
GROUND_STATE_OVERLAP: 0.9922178923883025
ENERGY_DIFFERENCE: 0.011127647287262343
