N: 3
M: 5
T: 10.0
V: -1
J_V_final: 0.5
GROUND_STATE_OVERLAP: 0.984988612712825
ENERGY_DIFFERENCE: 0.018459045866609625
