N: 3
M: 5
T: 7.525
V: -1
J_V_final: 0.5
GROUND_STATE_OVERLAP: 0.9781009411095869
ENERGY_DIFFERENCE: 0.023482471527517035
