N: 3
M: 4
T: 7.9375
V: -1
J_V_final: 2.0
GROUND_STATE_OVERLAP: 0.9994522497080705
ENERGY_DIFFERENCE: 0.002206954626407409
