N: 3
M: 2
T: 7.525
V: -1
J_V_final: 0.0
GROUND_STATE_OVERLAP: 0.9992770247733882
ENERGY_DIFFERENCE: 0.001084086670400275
