N: 3
M: 4
T: 7.525
V: 1
J_V_final: 0.0
GROUND_STATE_OVERLAP: 0.35027543710347153
ENERGY_DIFFERENCE: 0.9858466852951461
