N: 3
M: 2
T: 2.575
V: 1
J_V_final: 2.0
GROUND_STATE_OVERLAP: 0.998124831584089
ENERGY_DIFFERENCE: 0.006292004354142122
