N: 3
M: 5
T: 5.875
V: 1
J_V_final: 0.0
GROUND_STATE_OVERLAP: 0.20797921463358432
ENERGY_DIFFERENCE: 1.1621263339947348
