N: 3
M: 2
T: 1.7500000000000002
V: -1
J_V_final: 0.0
GROUND_STATE_OVERLAP: 0.10284785708942232
ENERGY_DIFFERENCE: 1.270781910072429
