N: 3
M: 3
T: 4.225
V: 1
J_V_final: 0.0
GROUND_STATE_OVERLAP: 0.24546971445990418
ENERGY_DIFFERENCE: 1.3852016430980385
