N: 3
M: 5
T: 7.525
V: 1
J_V_final: 0.0
GROUND_STATE_OVERLAP: 0.4445431573951919
ENERGY_DIFFERENCE: 0.8450456042724572
