N: 3
M: 4
T: 1.7500000000000002
V: 1
J_V_final: 0.5
GROUND_STATE_OVERLAP: 0.00020235467997821191
ENERGY_DIFFERENCE: 2.0230072903553236
