N: 3
M: 5
T: 3.4000000000000004
V: -1
J_V_final: 2.0
GROUND_STATE_OVERLAP: 0.9804880125295877
ENERGY_DIFFERENCE: 0.07337421150067236
