N: 3
M: 2
T: 8.35
V: -1
J_V_final: 0.0
GROUND_STATE_OVERLAP: 0.9996653005000957
ENERGY_DIFFERENCE: 0.0005311227707163191
