N: 3
M: 3
T: 0.1
V: -1
J_V_final: 0.5
GROUND_STATE_OVERLAP: 0.009111112467638552
ENERGY_DIFFERENCE: 3.211074972507695
