N: 3
M: 4
T: 10.0
V: -1
J_V_final: 0.0
GROUND_STATE_OVERLAP: 0.9985687998231838
ENERGY_DIFFERENCE: 0.0018683697220245321
