N: 3
M: 5
T: 5.05
V: -1
J_V_final: 0.0
GROUND_STATE_OVERLAP: 0.9701692829872661
ENERGY_DIFFERENCE: 0.03753631213459285
