N: 3
M: 4
T: 8.35
V: 1
J_V_final: 0.5
GROUND_STATE_OVERLAP: 0.08037304153126286
ENERGY_DIFFERENCE: 0.9074253526692142
