N: 3
M: 4
T: 4.6375
V: -1
J_V_final: 0.0
GROUND_STATE_OVERLAP: 0.984058518507891
ENERGY_DIFFERENCE: 0.019333629955929466
