N: 3
M: 4
T: 5.05
V: -1
J_V_final: 0.0
GROUND_STATE_OVERLAP: 0.9774523748467825
ENERGY_DIFFERENCE: 0.029778255777056728
