N: 3
M: 2
T: 8.762500000000001
V: 1
J_V_final: 0.5
GROUND_STATE_OVERLAP: 0.48802882472812886
ENERGY_DIFFERENCE: 0.513794045879786
