N: 3
M: 5
T: 5.05
V: -1
J_V_final: 0.5
GROUND_STATE_OVERLAP: 0.9712051142430296
ENERGY_DIFFERENCE: 0.0333749052115615
