N: 3
M: 2
T: 6.7
V: -1
J_V_final: 2.0
GROUND_STATE_OVERLAP: 0.9999795228266384
ENERGY_DIFFERENCE: 0.0001381102205391116
