N: 3
M: 3
T: 4.6375
V: 1
J_V_final: 0.5
GROUND_STATE_OVERLAP: 0.10614846883546933
ENERGY_DIFFERENCE: 1.0871797145389426
