N: 3
M: 5
T: 9.175
V: 1
J_V_final: 0.0
GROUND_STATE_OVERLAP: 0.40620509056387377
ENERGY_DIFFERENCE: 0.8849150271249968
