N: 3
M: 3
T: 5.05
V: 1
J_V_final: 2.0
GROUND_STATE_OVERLAP: 0.9962264478390138
ENERGY_DIFFERENCE: 0.006782306166773111
