N: 3
M: 5
T: 10.0
V: -1
J_V_final: 0.0
GROUND_STATE_OVERLAP: 0.9986354266003981
ENERGY_DIFFERENCE: 0.0017653361646436938
