N: 3
M: 2
T: 8.35
V: -1
J_V_final: 0.5
GROUND_STATE_OVERLAP: 0.9997305997882454
ENERGY_DIFFERENCE: 0.0008835602997256942
