N: 3
M: 2
T: 8.762500000000001
V: 1
J_V_final: 2.0
GROUND_STATE_OVERLAP: 0.999438540532242
ENERGY_DIFFERENCE: 0.001171459925424223
