N: 3
M: 4
T: 8.35
V: -1
J_V_final: 2.0
GROUND_STATE_OVERLAP: 0.9996871401861516
ENERGY_DIFFERENCE: 0.0011145266326142433
