N: 3
M: 3
T: 6.2875000000000005
V: 1
J_V_final: 0.0
GROUND_STATE_OVERLAP: 0.34891801241019116
ENERGY_DIFFERENCE: 1.0758197863005325
