N: 3
M: 2
T: 4.6375
V: -1
J_V_final: 0.5
GROUND_STATE_OVERLAP: 0.9953063394433765
ENERGY_DIFFERENCE: 0.012882738138893401
