N: 3
M: 5
T: 2.9875000000000003
V: -1
J_V_final: 0.5
GROUND_STATE_OVERLAP: 0.9497277617084172
ENERGY_DIFFERENCE: 0.09893616917337056
