N: 3
M: 2
T: 2.575
V: 1
J_V_final: 0.0
GROUND_STATE_OVERLAP: 0.22616316040297108
ENERGY_DIFFERENCE: 1.6697015700303732
