N: 3
M: 2
T: 9.175
V: 1
J_V_final: 2.0
GROUND_STATE_OVERLAP: 0.9997314204925709
ENERGY_DIFFERENCE: 0.0006889846921760423
