N: 3
M: 5
T: 6.7
V: -1
J_V_final: 0.0
GROUND_STATE_OVERLAP: 0.9920945950494526
ENERGY_DIFFERENCE: 0.01021811376402293
