N: 3
M: 3
T: 0.1
V: -1
J_V_final: 0.0
GROUND_STATE_OVERLAP: 0.002551206222497387
ENERGY_DIFFERENCE: 1.4106998744834154
