N: 3
M: 4
T: 2.1625
V: -1
J_V_final: 2.0
GROUND_STATE_OVERLAP: 0.9810458323498952
ENERGY_DIFFERENCE: 0.0977844815224369
