N: 3
M: 4
T: 5.05
V: 1
J_V_final: 0.5
GROUND_STATE_OVERLAP: 0.019511627970961933
ENERGY_DIFFERENCE: 1.5179823627295161
