N: 3
M: 5
T: 7.525
V: 1
J_V_final: 2.0
GROUND_STATE_OVERLAP: 0.978028206204642
ENERGY_DIFFERENCE: 0.030145440560824355
