N: 3
M: 4
T: 10.0
V: -1
J_V_final: 2.0
GROUND_STATE_OVERLAP: 0.9993928791587054
ENERGY_DIFFERENCE: 0.002806883576045749
