N: 3
M: 4
T: 3.4000000000000004
V: -1
J_V_final: 0.0
GROUND_STATE_OVERLAP: 0.9528311988789497
ENERGY_DIFFERENCE: 0.057520021710186775
