N: 3
M: 3
T: 0.1
V: 1
J_V_final: 2.0
GROUND_STATE_OVERLAP: 0.021089236227218536
ENERGY_DIFFERENCE: 7.3271204371415655
