N: 3
M: 4
T: 0.5125000000000001
V: 1
J_V_final: 2.0
GROUND_STATE_OVERLAP: 0.11755169131086717
ENERGY_DIFFERENCE: 3.4973481477363437
