N: 3
M: 4
T: 7.1125
V: -1
J_V_final: 0.0
GROUND_STATE_OVERLAP: 0.9939726107835211
ENERGY_DIFFERENCE: 0.00801900502529751
