N: 3
M: 3
T: 1.7500000000000002
V: 1
J_V_final: 0.0
GROUND_STATE_OVERLAP: 0.001714211171932754
ENERGY_DIFFERENCE: 1.4327823070403438
