N: 3
M: 3
T: 2.575
V: -1
J_V_final: 2.0
GROUND_STATE_OVERLAP: 0.9979015262052819
ENERGY_DIFFERENCE: 0.011013290881196625
