N: 3
M: 4
T: 9.5875
V: -1
J_V_final: 0.5
GROUND_STATE_OVERLAP: 0.9824912791832615
ENERGY_DIFFERENCE: 0.020336740876866433
