N: 3
M: 4
T: 0.1
V: -1
J_V_final: 0.5
GROUND_STATE_OVERLAP: 0.002013923424397564
ENERGY_DIFFERENCE: 3.456289706908003
