N: 3
M: 5
T: 2.575
V: -1
J_V_final: 0.0
GROUND_STATE_OVERLAP: 0.9121843512551955
ENERGY_DIFFERENCE: 0.11040958511609977
