N: 3
M: 5
T: 0.1
V: 1
J_V_final: 0.0
GROUND_STATE_OVERLAP: 1.1625092858142045e-05
ENERGY_DIFFERENCE: 1.4145061518027278
