N: 3
M: 2
T: 0.925
V: 1
J_V_final: 2.0
GROUND_STATE_OVERLAP: 0.9853044794182195
ENERGY_DIFFERENCE: 0.06767498754325008
