N: 3
M: 2
T: 10.0
V: -1
J_V_final: 2.0
GROUND_STATE_OVERLAP: 0.9999702028775445
ENERGY_DIFFERENCE: 0.00019239025755712902
