N: 3
M: 4
T: 2.1625
V: 1
J_V_final: 2.0
GROUND_STATE_OVERLAP: 0.9742089548641846
ENERGY_DIFFERENCE: 0.07569985822701142
