N: 3
M: 4
T: 2.9875000000000003
V: 1
J_V_final: 2.0
GROUND_STATE_OVERLAP: 0.9780705111795465
ENERGY_DIFFERENCE: 0.05165081419811557
