N: 3
M: 5
T: 1.3375000000000001
V: -1
J_V_final: 2.0
GROUND_STATE_OVERLAP: 0.9314282688362916
ENERGY_DIFFERENCE: 0.36258841007882125
