N: 3
M: 3
T: 5.05
V: 1
J_V_final: 0.0
GROUND_STATE_OVERLAP: 0.28464919046440723
ENERGY_DIFFERENCE: 1.2459221379487453
