N: 3
M: 5
T: 7.525
V: 1
J_V_final: 0.5
GROUND_STATE_OVERLAP: 0.034602203021720845
ENERGY_DIFFERENCE: 1.1495377532919684
