N: 3
M: 5
T: 7.1125
V: 1
J_V_final: 0.5
GROUND_STATE_OVERLAP: 0.01305366651711569
ENERGY_DIFFERENCE: 1.417794217596339
