N: 3
M: 5
T: 0.925
V: 1
J_V_final: 0.0
GROUND_STATE_OVERLAP: 0.04050091714523858
ENERGY_DIFFERENCE: 1.74688914352601
