N: 3
M: 5
T: 7.1125
V: -1
J_V_final: 0.0
GROUND_STATE_OVERLAP: 0.9951793392429813
ENERGY_DIFFERENCE: 0.006089965988455903
