N: 3
M: 5
T: 6.7
V: 1
J_V_final: 2.0
GROUND_STATE_OVERLAP: 0.9778914910873547
ENERGY_DIFFERENCE: 0.032763183747722024
