N: 3
M: 4
T: 4.6375
V: 1
J_V_final: 0.0
GROUND_STATE_OVERLAP: 0.23236826657018794
ENERGY_DIFFERENCE: 1.3152554193878234
