N: 3
M: 5
T: 8.35
V: 1
J_V_final: 2.0
GROUND_STATE_OVERLAP: 0.9784698196028672
ENERGY_DIFFERENCE: 0.02451005129100814
