N: 3
M: 5
T: 0.5125000000000001
V: 1
J_V_final: 0.0
GROUND_STATE_OVERLAP: 0.0015598195499493522
ENERGY_DIFFERENCE: 1.4660455886027763
