N: 3
M: 5
T: 4.225
V: -1
J_V_final: 0.0
GROUND_STATE_OVERLAP: 0.9749159893699437
ENERGY_DIFFERENCE: 0.030079453541622447
