N: 3
M: 5
T: 7.525
V: -1
J_V_final: 0.0
GROUND_STATE_OVERLAP: 0.9939357063559923
ENERGY_DIFFERENCE: 0.007661510389363357
