N: 3
M: 3
T: 9.175
V: 1
J_V_final: 0.0
GROUND_STATE_OVERLAP: 0.5602951957566219
ENERGY_DIFFERENCE: 0.6972192910490689
