N: 3
M: 5
T: 2.1625
V: -1
J_V_final: 0.0
GROUND_STATE_OVERLAP: 0.887196253800403
ENERGY_DIFFERENCE: 0.1454065029575642
