N: 3
M: 5
T: 4.225
V: -1
J_V_final: 0.5
GROUND_STATE_OVERLAP: 0.9616469966745304
ENERGY_DIFFERENCE: 0.05148231014303084
