N: 3
M: 2
T: 6.7
V: -1
J_V_final: 0.5
GROUND_STATE_OVERLAP: 0.9935594130159889
ENERGY_DIFFERENCE: 0.016990118701212253
