N: 3
M: 4
T: 5.875
V: -1
J_V_final: 0.0
GROUND_STATE_OVERLAP: 0.9887917256532667
ENERGY_DIFFERENCE: 0.016099496001972025
