N: 3
M: 5
T: 1.3375000000000001
V: 1
J_V_final: 2.0
GROUND_STATE_OVERLAP: 0.9205422845149693
ENERGY_DIFFERENCE: 0.3741228048943963
