N: 3
M: 4
T: 1.3375000000000001
V: 1
J_V_final: 0.5
GROUND_STATE_OVERLAP: 8.525809906121307e-05
ENERGY_DIFFERENCE: 2.0342382181535585
