N: 3
M: 3
T: 1.7500000000000002
V: -1
J_V_final: 0.0
GROUND_STATE_OVERLAP: 0.6023620151393849
ENERGY_DIFFERENCE: 0.5652159658667311
