N: 3
M: 3
T: 5.05
V: -1
J_V_final: 0.5
GROUND_STATE_OVERLAP: 0.9866228075222452
ENERGY_DIFFERENCE: 0.026650343868800164
