N: 3
M: 5
T: 5.4625
V: 1
J_V_final: 0.5
GROUND_STATE_OVERLAP: 0.0017099042070763094
ENERGY_DIFFERENCE: 1.857404968026355
