N: 3
M: 4
T: 1.7500000000000002
V: -1
J_V_final: 0.5
GROUND_STATE_OVERLAP: 0.9664855198408476
ENERGY_DIFFERENCE: 0.08709984615622357
