N: 3
M: 2
T: 3.8125000000000004
V: -1
J_V_final: 0.0
GROUND_STATE_OVERLAP: 0.9942186920425224
ENERGY_DIFFERENCE: 0.00943828829781701
