N: 3
M: 4
T: 3.8125000000000004
V: 1
J_V_final: 2.0
GROUND_STATE_OVERLAP: 0.9844783029976387
ENERGY_DIFFERENCE: 0.021896872919086263
