N: 3
M: 4
T: 7.1125
V: -1
J_V_final: 2.0
GROUND_STATE_OVERLAP: 0.9990480169007321
ENERGY_DIFFERENCE: 0.004000749347611077
