N: 3
M: 2
T: 1.3375000000000001
V: -1
J_V_final: 0.0
GROUND_STATE_OVERLAP: 0.9534888003759087
ENERGY_DIFFERENCE: 0.07911822510888533
