N: 3
M: 3
T: 0.5125000000000001
V: 1
J_V_final: 0.0
GROUND_STATE_OVERLAP: 0.0016012872030576907
ENERGY_DIFFERENCE: 1.4678306804649643
