N: 3
M: 3
T: 3.8125000000000004
V: -1
J_V_final: 2.0
GROUND_STATE_OVERLAP: 0.9998477274517065
ENERGY_DIFFERENCE: 0.0007662965034640479
