N: 3
M: 2
T: 6.7
V: 1
J_V_final: 0.5
GROUND_STATE_OVERLAP: 0.2811978418929991
ENERGY_DIFFERENCE: 0.8607406400458908
