N: 3
M: 4
T: 3.4000000000000004
V: -1
J_V_final: 2.0
GROUND_STATE_OVERLAP: 0.9928509398000467
ENERGY_DIFFERENCE: 0.0345375116557296
