N: 3
M: 3
T: 5.05
V: 1
J_V_final: 0.5
GROUND_STATE_OVERLAP: 0.08012580618885226
ENERGY_DIFFERENCE: 1.266859150779209
