N: 3
M: 4
T: 4.6375
V: 1
J_V_final: 2.0
GROUND_STATE_OVERLAP: 0.9843437105815438
ENERGY_DIFFERENCE: 0.01777887666453637
