N: 3
M: 2
T: 5.05
V: -1
J_V_final: 0.0
GROUND_STATE_OVERLAP: 0.9976569405767571
ENERGY_DIFFERENCE: 0.0037679746223266974
