N: 3
M: 2
T: 9.5875
V: 1
J_V_final: 0.0
GROUND_STATE_OVERLAP: 0.7153384834705654
ENERGY_DIFFERENCE: 0.4634018320856301
