N: 3
M: 2
T: 6.2875000000000005
V: 1
J_V_final: 0.0
GROUND_STATE_OVERLAP: 0.5954685066639029
ENERGY_DIFFERENCE: 0.7297069965423166
