N: 3
M: 2
T: 0.925
V: -1
J_V_final: 0.5
GROUND_STATE_OVERLAP: 0.9926610930275651
ENERGY_DIFFERENCE: 0.022619446928441977
