N: 3
M: 3
T: 7.525
V: -1
J_V_final: 2.0
GROUND_STATE_OVERLAP: 0.999822365260473
ENERGY_DIFFERENCE: 0.0009185976580550204
