N: 3
M: 5
T: 6.2875000000000005
V: -1
J_V_final: 0.0
GROUND_STATE_OVERLAP: 0.9873677547642873
ENERGY_DIFFERENCE: 0.016333364948005746
