N: 3
M: 4
T: 7.9375
V: 1
J_V_final: 2.0
GROUND_STATE_OVERLAP: 0.9920380952737559
ENERGY_DIFFERENCE: 0.01220296153486089
