N: 3
M: 3
T: 3.4000000000000004
V: 1
J_V_final: 0.5
GROUND_STATE_OVERLAP: 0.0782284239653033
ENERGY_DIFFERENCE: 1.327644110482715
