N: 3
M: 4
T: 6.7
V: -1
J_V_final: 0.5
GROUND_STATE_OVERLAP: 0.9823153274869167
ENERGY_DIFFERENCE: 0.02008192473672965
