N: 3
M: 3
T: 2.9875000000000003
V: -1
J_V_final: 2.0
GROUND_STATE_OVERLAP: 0.9990804952721484
ENERGY_DIFFERENCE: 0.004653084160858967
