N: 3
M: 2
T: 5.4625
V: 1
J_V_final: 0.5
GROUND_STATE_OVERLAP: 0.23967410375421275
ENERGY_DIFFERENCE: 0.9489374489788646
