N: 3
M: 2
T: 8.762500000000001
V: 1
J_V_final: 0.0
GROUND_STATE_OVERLAP: 0.7233361706129523
ENERGY_DIFFERENCE: 0.5462724342080749
