N: 3
M: 4
T: 3.8125000000000004
V: -1
J_V_final: 0.5
GROUND_STATE_OVERLAP: 0.972694397534413
ENERGY_DIFFERENCE: 0.043063003637243025
