N: 3
M: 5
T: 0.1
V: 1
J_V_final: 0.5
GROUND_STATE_OVERLAP: 5.059242655510886e-06
ENERGY_DIFFERENCE: 2.5699564654171145
