N: 3
M: 5
T: 0.925
V: 1
J_V_final: 2.0
GROUND_STATE_OVERLAP: 0.36967004479216503
ENERGY_DIFFERENCE: 2.63757515019594
