N: 3
M: 3
T: 7.1125
V: 1
J_V_final: 2.0
GROUND_STATE_OVERLAP: 0.9965601057609403
ENERGY_DIFFERENCE: 0.005880528997072254
