N: 3
M: 2
T: 2.575
V: -1
J_V_final: 0.5
GROUND_STATE_OVERLAP: 0.9962011044653263
ENERGY_DIFFERENCE: 0.010204163423795709
