N: 3
M: 5
T: 5.05
V: 1
J_V_final: 0.5
GROUND_STATE_OVERLAP: 0.008577229713779565
ENERGY_DIFFERENCE: 1.537189184596498
