N: 3
M: 4
T: 9.5875
V: -1
J_V_final: 0.0
GROUND_STATE_OVERLAP: 0.9983135321076069
ENERGY_DIFFERENCE: 0.0024033017669147227
