N: 3
M: 3
T: 0.1
V: 1
J_V_final: 0.0
GROUND_STATE_OVERLAP: 1.1630458595796287e-05
ENERGY_DIFFERENCE: 1.4145059169476462
