N: 3
M: 5
T: 1.3375000000000001
V: -1
J_V_final: 0.5
GROUND_STATE_OVERLAP: 0.8852823477033356
ENERGY_DIFFERENCE: 0.23731353989021908
