N: 3
M: 2
T: 0.925
V: -1
J_V_final: 2.0
GROUND_STATE_OVERLAP: 0.9929399961685516
ENERGY_DIFFERENCE: 0.052134343965589025
