N: 3
M: 5
T: 8.35
V: -1
J_V_final: 0.0
GROUND_STATE_OVERLAP: 0.9974696570014421
ENERGY_DIFFERENCE: 0.0032860958938083495
