N: 4
M: 3
T: 9.5875
V: -1
J_V_final: 0.0
GROUND_STATE_OVERLAP: 0.8653330465918213
ENERGY_DIFFERENCE: 0.12615665102674622
