N: 4
M: 3
T: 3.8125000000000004
V: -1
J_V_final: 2.0
GROUND_STATE_OVERLAP: 0.9997941385538935
ENERGY_DIFFERENCE: 0.0012377319233269901
