N: 4
M: 3
T: 6.2875000000000005
V: 1
J_V_final: 0.0
GROUND_STATE_OVERLAP: 4.922385982386387e-10
ENERGY_DIFFERENCE: 2.2360786198472296
