N: 4
M: 3
T: 7.1125
V: -1
J_V_final: 2.0
GROUND_STATE_OVERLAP: 0.999903361805657
ENERGY_DIFFERENCE: 0.0005182787622786122
