N: 4
M: 3
T: 5.4625
V: -1
J_V_final: 0.5
GROUND_STATE_OVERLAP: 0.9892191070272185
ENERGY_DIFFERENCE: 0.019933399658786932
