N: 4
M: 3
T: 9.5875
V: 1
J_V_final: 0.0
GROUND_STATE_OVERLAP: 3.1807072039075637e-10
ENERGY_DIFFERENCE: 2.2360711053591973
