N: 4
M: 3
T: 1.7500000000000002
V: 1
J_V_final: 0.0
GROUND_STATE_OVERLAP: 2.5868236351294667e-09
ENERGY_DIFFERENCE: 2.23616852206965
