N: 4
M: 3
T: 3.4000000000000004
V: 1
J_V_final: 2.0
GROUND_STATE_OVERLAP: 0.9895594565010757
ENERGY_DIFFERENCE: 0.02754669987435676
