N: 4
M: 3
T: 8.762500000000001
V: 1
J_V_final: 2.0
GROUND_STATE_OVERLAP: 0.9976694971991243
ENERGY_DIFFERENCE: 0.006505112626511433
