N: 4
M: 3
T: 0.925
V: 1
J_V_final: 0.5
GROUND_STATE_OVERLAP: 3.163905817290654e-05
ENERGY_DIFFERENCE: 3.0199660316857675
