N: 4
M: 3
T: 6.7
V: 1
J_V_final: 0.5
GROUND_STATE_OVERLAP: 0.01642833729902899
ENERGY_DIFFERENCE: 1.37014560799589
