N: 4
M: 3
T: 7.525
V: -1
J_V_final: 0.0
GROUND_STATE_OVERLAP: 0.9640625179850325
ENERGY_DIFFERENCE: 0.03263827705130984
