N: 4
M: 3
T: 4.6375
V: -1
J_V_final: 0.0
GROUND_STATE_OVERLAP: 0.7752817062879426
ENERGY_DIFFERENCE: 0.19802637504478326
