N: 4
M: 3
T: 10.0
V: 1
J_V_final: 2.0
GROUND_STATE_OVERLAP: 0.9987366376658213
ENERGY_DIFFERENCE: 0.0035212999670246603
