N: 4
M: 3
T: 0.1
V: 1
J_V_final: 0.0
GROUND_STATE_OVERLAP: 1.1786100660715412e-09
ENERGY_DIFFERENCE: 2.2364988662836076
