N: 4
M: 3
T: 5.875
V: 1
J_V_final: 0.5
GROUND_STATE_OVERLAP: 0.0013434779181677198
ENERGY_DIFFERENCE: 2.1209811163559498
