N: 4
M: 3
T: 2.9875000000000003
V: -1
J_V_final: 0.0
GROUND_STATE_OVERLAP: 0.6554176926940989
ENERGY_DIFFERENCE: 0.2629788422299679
