N: 4
M: 3
T: 2.1625
V: 1
J_V_final: 0.0
GROUND_STATE_OVERLAP: 1.7429297431404866e-06
ENERGY_DIFFERENCE: 2.2370776635703566
