N: 4
M: 3
T: 2.9875000000000003
V: 1
J_V_final: 0.0
GROUND_STATE_OVERLAP: 8.520499926524193e-10
ENERGY_DIFFERENCE: 2.236140892911829
