N: 4
M: 3
T: 5.4625
V: -1
J_V_final: 0.0
GROUND_STATE_OVERLAP: 0.7568812450518863
ENERGY_DIFFERENCE: 0.2106403192451869
