N: 4
M: 3
T: 6.2875000000000005
V: -1
J_V_final: 0.0
GROUND_STATE_OVERLAP: 0.795642613882984
ENERGY_DIFFERENCE: 0.19389406140410337
