N: 4
M: 3
T: 5.4625
V: 1
J_V_final: 0.0
GROUND_STATE_OVERLAP: 6.846614921848656e-09
ENERGY_DIFFERENCE: 2.2360643786845995
