N: 4
M: 3
T: 3.4000000000000004
V: 1
J_V_final: 0.0
GROUND_STATE_OVERLAP: 7.572581683840769e-10
ENERGY_DIFFERENCE: 2.236086183431001
