N: 4
M: 3
T: 9.5875
V: 1
J_V_final: 0.5
GROUND_STATE_OVERLAP: 0.00019653305194048258
ENERGY_DIFFERENCE: 2.5156287139367937
