N: 4
M: 3
T: 4.225
V: -1
J_V_final: 0.0
GROUND_STATE_OVERLAP: 0.7263282744698139
ENERGY_DIFFERENCE: 0.2007131378127629
