N: 4
M: 3
T: 10.0
V: 1
J_V_final: 0.0
GROUND_STATE_OVERLAP: 4.496680155345041e-10
ENERGY_DIFFERENCE: 2.2360693016586275
