N: 4
M: 3
T: 2.575
V: -1
J_V_final: 0.0
GROUND_STATE_OVERLAP: 0.5929677294340883
ENERGY_DIFFERENCE: 0.29793332983059795
