N: 4
M: 3
T: 7.1125
V: -1
J_V_final: 0.0
GROUND_STATE_OVERLAP: 0.8268585774951511
ENERGY_DIFFERENCE: 0.15327984632583647
