N: 4
M: 3
T: 10.0
V: -1
J_V_final: 0.0
GROUND_STATE_OVERLAP: 0.8782078860278517
ENERGY_DIFFERENCE: 0.11997271354799244
