N: 4
M: 3
T: 5.875
V: -1
J_V_final: 0.0
GROUND_STATE_OVERLAP: 0.7758528308191981
ENERGY_DIFFERENCE: 0.21323549426660238
