N: 4
M: 3
T: 7.1125
V: 1
J_V_final: 0.5
GROUND_STATE_OVERLAP: 1.3238743919479052e-06
ENERGY_DIFFERENCE: 2.425252034413284
