N: 4
M: 3
T: 5.4625
V: 1
J_V_final: 0.5
GROUND_STATE_OVERLAP: 0.0010436482280270275
ENERGY_DIFFERENCE: 2.178587095289349
