N: 4
M: 3
T: 0.1
V: -1
J_V_final: 0.0
GROUND_STATE_OVERLAP: 2.4896308224375627e-07
ENERGY_DIFFERENCE: 2.2347233697948075
