N: 4
M: 3
T: 9.175
V: -1
J_V_final: 0.0
GROUND_STATE_OVERLAP: 0.8507578017770387
ENERGY_DIFFERENCE: 0.14435199811252053
