N: 4
M: 3
T: 1.7500000000000002
V: -1
J_V_final: 0.5
GROUND_STATE_OVERLAP: 0.9716533134256302
ENERGY_DIFFERENCE: 0.06445170497177788
