N: 4
M: 3
T: 7.9375
V: 1
J_V_final: 2.0
GROUND_STATE_OVERLAP: 0.9967977340820962
ENERGY_DIFFERENCE: 0.008213632555364114
