N: 4
M: 3
T: 2.575
V: 1
J_V_final: 0.0
GROUND_STATE_OVERLAP: 4.084135069032722e-10
ENERGY_DIFFERENCE: 2.236073327282009
