N: 4
M: 3
T: 5.05
V: 1
J_V_final: 0.5
GROUND_STATE_OVERLAP: 0.0011596879801991592
ENERGY_DIFFERENCE: 2.186796613857049
