N: 4
M: 3
T: 10.0
V: -1
J_V_final: 2.0
GROUND_STATE_OVERLAP: 0.9997033418367345
ENERGY_DIFFERENCE: 0.00177157670087702
