N: 4
M: 3
T: 3.8125000000000004
V: 1
J_V_final: 0.0
GROUND_STATE_OVERLAP: 5.735574153474508e-10
ENERGY_DIFFERENCE: 2.2360667522148625
