N: 4
M: 3
T: 9.175
V: -1
J_V_final: 0.5
GROUND_STATE_OVERLAP: 0.9858631342012603
ENERGY_DIFFERENCE: 0.025614130211842223
