N: 4
M: 3
T: 7.525
V: 1
J_V_final: 2.0
GROUND_STATE_OVERLAP: 0.9976777030011857
ENERGY_DIFFERENCE: 0.007804031149669655
