N: 4
M: 3
T: 1.3375000000000001
V: 1
J_V_final: 0.5
GROUND_STATE_OVERLAP: 0.00014812745140791085
ENERGY_DIFFERENCE: 2.580643386183922
