N: 4
M: 3
T: 9.5875
V: -1
J_V_final: 2.0
GROUND_STATE_OVERLAP: 0.9993856185201055
ENERGY_DIFFERENCE: 0.0029662885868741995
