N: 4
M: 3
T: 8.35
V: -1
J_V_final: 0.5
GROUND_STATE_OVERLAP: 0.9831677939908132
ENERGY_DIFFERENCE: 0.030915764576392668
