N: 4
M: 3
T: 8.35
V: -1
J_V_final: 0.0
GROUND_STATE_OVERLAP: 0.8202353270839786
ENERGY_DIFFERENCE: 0.18081801721193358
