N: 4
M: 3
T: 7.9375
V: -1
J_V_final: 0.5
GROUND_STATE_OVERLAP: 0.9851648787173761
ENERGY_DIFFERENCE: 0.026947479819188658
