N: 4
M: 3
T: 7.525
V: 1
J_V_final: 0.0
GROUND_STATE_OVERLAP: 5.9052846431143934e-09
ENERGY_DIFFERENCE: 2.236043371721772
