N: 4
M: 3
T: 9.175
V: 1
J_V_final: 0.0
GROUND_STATE_OVERLAP: 4.1533518750266895e-10
ENERGY_DIFFERENCE: 2.2360712392251276
