N: 4
M: 3
T: 5.875
V: -1
J_V_final: 0.5
GROUND_STATE_OVERLAP: 0.9879777686887992
ENERGY_DIFFERENCE: 0.02177132285527339
