N: 4
M: 3
T: 1.3375000000000001
V: -1
J_V_final: 2.0
GROUND_STATE_OVERLAP: 0.985482028007848
ENERGY_DIFFERENCE: 0.08258810361232172
