N: 4
M: 3
T: 2.1625
V: 1
J_V_final: 2.0
GROUND_STATE_OVERLAP: 0.9815574033873248
ENERGY_DIFFERENCE: 0.04065734066649185
