N: 4
M: 3
T: 6.7
V: 1
J_V_final: 2.0
GROUND_STATE_OVERLAP: 0.9979786112170991
ENERGY_DIFFERENCE: 0.005416834224151401
