N: 4
M: 3
T: 5.05
V: -1
J_V_final: 2.0
GROUND_STATE_OVERLAP: 0.99991482541519
ENERGY_DIFFERENCE: 0.0005669872655467145
