N: 4
M: 3
T: 0.1
V: -1
J_V_final: 2.0
GROUND_STATE_OVERLAP: 0.0038330524610793266
ENERGY_DIFFERENCE: 12.557171434378429
