N: 4
M: 3
T: 4.225
V: 1
J_V_final: 0.0
GROUND_STATE_OVERLAP: 8.609890350924159e-10
ENERGY_DIFFERENCE: 2.236119321565512
