N: 5
M: 3
T: 0.925
V: 1
J_V_final: 2.0
GROUND_STATE_OVERLAP: 0.956906356493663
ENERGY_DIFFERENCE: 0.1954533516167558
