N: 5
M: 3
T: 1.7500000000000002
V: -1
J_V_final: 0.0
GROUND_STATE_OVERLAP: 9.131095258048048e-05
ENERGY_DIFFERENCE: 2.7041209846335854
