N: 5
M: 3
T: 0.1
V: -1
J_V_final: 0.5
GROUND_STATE_OVERLAP: 0.0003417671469235305
ENERGY_DIFFERENCE: 5.703284116622027
