N: 5
M: 3
T: 0.925
V: -1
J_V_final: 0.0
GROUND_STATE_OVERLAP: 0.6761692946511437
ENERGY_DIFFERENCE: 0.43902382481179814
