N: 5
M: 3
T: 0.925
V: -1
J_V_final: 0.5
GROUND_STATE_OVERLAP: 0.8838074474202139
ENERGY_DIFFERENCE: 0.29033463603574106
