N: 5
M: 3
T: 0.1
V: 1
J_V_final: 0.0
GROUND_STATE_OVERLAP: 1.25954853627965e-09
ENERGY_DIFFERENCE: 2.7333616439501265
