N: 2
M: 5
T: 5.05
V: -1
J_V_final: 0.5
GROUND_STATE_OVERLAP: 0.9734663254050246
ENERGY_DIFFERENCE: 0.0269058372274098
