N: 2
M: 4
T: 2.9875000000000003
V: 1
J_V_final: 2.0
GROUND_STATE_OVERLAP: 0.9895453426890661
ENERGY_DIFFERENCE: 0.04586479377503494
