N: 2
M: 4
T: 6.2875000000000005
V: -1
J_V_final: 0.0
GROUND_STATE_OVERLAP: 0.9290219842854648
ENERGY_DIFFERENCE: 0.0709780157145351
