N: 2
M: 4
T: 6.2875000000000005
V: 1
J_V_final: 0.0
GROUND_STATE_OVERLAP: 1.6912072324150415e-33
ENERGY_DIFFERENCE: 1.0000304591681184
