N: 2
M: 3
T: 1.3375000000000001
V: -1
J_V_final: 2.0
GROUND_STATE_OVERLAP: 0.995794035762773
ENERGY_DIFFERENCE: 0.02573610077892674
