N: 2
M: 5
T: 5.4625
V: -1
J_V_final: 0.0
GROUND_STATE_OVERLAP: 0.8866465657314021
ENERGY_DIFFERENCE: 0.11335343426859779
