N: 2
M: 3
T: 3.4000000000000004
V: 1
J_V_final: 0.5
GROUND_STATE_OVERLAP: -5.889291395034656e-19
ENERGY_DIFFERENCE: 1.0746904591384203
