N: 2
M: 3
T: 2.575
V: -1
J_V_final: 0.0
GROUND_STATE_OVERLAP: 0.7981089723328185
ENERGY_DIFFERENCE: 0.20189102766718126
