N: 2
M: 5
T: 7.525
V: 1
J_V_final: 2.0
GROUND_STATE_OVERLAP: 0.9983453853983666
ENERGY_DIFFERENCE: 0.007144495552279473
