N: 2
M: 4
T: 2.9875000000000003
V: 1
J_V_final: 0.0
GROUND_STATE_OVERLAP: 2.2419028258882667e-34
ENERGY_DIFFERENCE: 1.000023292982416
