N: 2
M: 3
T: 2.9875000000000003
V: 1
J_V_final: 0.0
GROUND_STATE_OVERLAP: 1.2037090277040922e-34
ENERGY_DIFFERENCE: 1.0002667040226019
