N: 2
M: 3
T: 7.1125
V: 1
J_V_final: 0.0
GROUND_STATE_OVERLAP: 3.949661018762886e-35
ENERGY_DIFFERENCE: 1.0000142622802695
