N: 2
M: 5
T: 7.1125
V: 1
J_V_final: 0.0
GROUND_STATE_OVERLAP: 5.891769072002213e-35
ENERGY_DIFFERENCE: 1.000020095816431
