N: 2
M: 2
T: 4.6375
V: 1
J_V_final: 0.5
GROUND_STATE_OVERLAP: 8.815930951960976e-18
ENERGY_DIFFERENCE: 0.5611410461401996
