N: 2
M: 2
T: 6.7
V: -1
J_V_final: 2.0
GROUND_STATE_OVERLAP: 0.9999952254344783
ENERGY_DIFFERENCE: 3.7728883730103746e-05
