N: 2
M: 4
T: 1.7500000000000002
V: 1
J_V_final: 2.0
GROUND_STATE_OVERLAP: 0.9845076561066242
ENERGY_DIFFERENCE: 0.0809134910619358
