N: 2
M: 3
T: 5.875
V: -1
J_V_final: 0.5
GROUND_STATE_OVERLAP: 0.9867407017076336
ENERGY_DIFFERENCE: 0.025512777562483935
