N: 2
M: 3
T: 4.6375
V: -1
J_V_final: 0.5
GROUND_STATE_OVERLAP: 0.9926356943036309
ENERGY_DIFFERENCE: 0.013883112891770688
