N: 2
M: 2
T: 5.05
V: 1
J_V_final: 0.0
GROUND_STATE_OVERLAP: 5.0254734486354436e-34
ENERGY_DIFFERENCE: 1.0000415675832068
