N: 2
M: 2
T: 7.1125
V: -1
J_V_final: 2.0
GROUND_STATE_OVERLAP: 0.9999995683910707
ENERGY_DIFFERENCE: 2.719111434679178e-06
