N: 2
M: 3
T: 8.35
V: 1
J_V_final: 0.5
GROUND_STATE_OVERLAP: -8.225407580687025e-19
ENERGY_DIFFERENCE: 0.9439195913680546
