N: 2
M: 3
T: 2.575
V: 1
J_V_final: 0.5
GROUND_STATE_OVERLAP: -3.3267254000863283e-19
ENERGY_DIFFERENCE: 1.1105130899122808
