N: 2
M: 3
T: 9.5875
V: -1
J_V_final: 0.5
GROUND_STATE_OVERLAP: 0.9936056409838271
ENERGY_DIFFERENCE: 0.011878575696959937
