N: 2
M: 3
T: 5.05
V: 1
J_V_final: 0.5
GROUND_STATE_OVERLAP: -2.615105601183448e-18
ENERGY_DIFFERENCE: 1.019908218864709
