N: 2
M: 3
T: 7.1125
V: -1
J_V_final: 0.5
GROUND_STATE_OVERLAP: 0.9880948452447216
ENERGY_DIFFERENCE: 0.02125971560684281
