N: 2
M: 4
T: 7.1125
V: 1
J_V_final: 2.0
GROUND_STATE_OVERLAP: 0.9996022087185437
ENERGY_DIFFERENCE: 0.0019037966838491016
