N: 2
M: 2
T: 5.4625
V: 1
J_V_final: 0.5
GROUND_STATE_OVERLAP: 9.07266849896573e-18
ENERGY_DIFFERENCE: 0.5404292296285985
