N: 2
M: 3
T: 9.5875
V: 1
J_V_final: 0.0
GROUND_STATE_OVERLAP: 2.66321057755116e-34
ENERGY_DIFFERENCE: 1.0001221522036772
