N: 2
M: 4
T: 5.05
V: 1
J_V_final: 2.0
GROUND_STATE_OVERLAP: 0.9994394286244168
ENERGY_DIFFERENCE: 0.00271892264847029
