N: 2
M: 2
T: 8.35
V: 1
J_V_final: 0.5
GROUND_STATE_OVERLAP: 8.862871053472036e-18
ENERGY_DIFFERENCE: 0.531889516480074
