N: 2
M: 4
T: 5.05
V: -1
J_V_final: 0.5
GROUND_STATE_OVERLAP: 0.9772333868024075
ENERGY_DIFFERENCE: 0.030346131124984854
