N: 2
M: 3
T: 0.925
V: -1
J_V_final: 2.0
GROUND_STATE_OVERLAP: 0.9710686014767023
ENERGY_DIFFERENCE: 0.17252577459691665
