N: 2
M: 2
T: 9.175
V: 1
J_V_final: 2.0
GROUND_STATE_OVERLAP: 0.9999995241088312
ENERGY_DIFFERENCE: 3.66543441066014e-06
