N: 2
M: 4
T: 8.35
V: 1
J_V_final: 2.0
GROUND_STATE_OVERLAP: 0.9998519482034005
ENERGY_DIFFERENCE: 0.0005834347231150616
