N: 2
M: 5
T: 0.1
V: 1
J_V_final: 0.0
GROUND_STATE_OVERLAP: 1.8807910145650428e-36
ENERGY_DIFFERENCE: 1.0001635745385529
