N: 2
M: 2
T: 5.4625
V: -1
J_V_final: 0.0
GROUND_STATE_OVERLAP: 0.9845504113381978
ENERGY_DIFFERENCE: 0.015449588661802016
