N: 2
M: 3
T: 0.1
V: -1
J_V_final: 0.0
GROUND_STATE_OVERLAP: 0.002017668222193799
ENERGY_DIFFERENCE: 0.9979823317778062
