N: 2
M: 3
T: 10.0
V: 1
J_V_final: 0.5
GROUND_STATE_OVERLAP: 5.160336097373164e-19
ENERGY_DIFFERENCE: 0.9150543876231132
