N: 2
M: 4
T: 7.9375
V: 1
J_V_final: 0.5
GROUND_STATE_OVERLAP: 9.037217123534994e-20
ENERGY_DIFFERENCE: 1.3309721765703746
