N: 2
M: 4
T: 9.175
V: -1
J_V_final: 2.0
GROUND_STATE_OVERLAP: 0.9999282153516822
ENERGY_DIFFERENCE: 0.0004506143962892395
