N: 2
M: 4
T: 8.762500000000001
V: -1
J_V_final: 0.0
GROUND_STATE_OVERLAP: 0.977323146048178
ENERGY_DIFFERENCE: 0.02267685395182184
