N: 2
M: 3
T: 6.7
V: -1
J_V_final: 0.0
GROUND_STATE_OVERLAP: 0.9605316521828511
ENERGY_DIFFERENCE: 0.0394683478171487
