N: 2
M: 5
T: 3.8125000000000004
V: 1
J_V_final: 0.5
GROUND_STATE_OVERLAP: 2.240911836078771e-19
ENERGY_DIFFERENCE: 1.3881638294131404
