N: 2
M: 3
T: 9.5875
V: 1
J_V_final: 2.0
GROUND_STATE_OVERLAP: 0.999979623479122
ENERGY_DIFFERENCE: 0.00010510877444414035
