N: 2
M: 5
T: 8.35
V: 1
J_V_final: 2.0
GROUND_STATE_OVERLAP: 0.998178712950508
ENERGY_DIFFERENCE: 0.007963139884734183
