N: 2
M: 5
T: 0.5125000000000001
V: 1
J_V_final: 0.5
GROUND_STATE_OVERLAP: 1.4935821402459885e-20
ENERGY_DIFFERENCE: 1.6417467485008672
