N: 2
M: 4
T: 3.4000000000000004
V: -1
J_V_final: 0.0
GROUND_STATE_OVERLAP: 0.8354642122378777
ENERGY_DIFFERENCE: 0.16453578776212263
