N: 2
M: 3
T: 6.7
V: -1
J_V_final: 0.5
GROUND_STATE_OVERLAP: 0.992277403341242
ENERGY_DIFFERENCE: 0.015033771635657445
