N: 2
M: 4
T: 7.1125
V: 1
J_V_final: 0.0
GROUND_STATE_OVERLAP: 4.759341527609278e-34
ENERGY_DIFFERENCE: 1.0000201088755238
