N: 2
M: 3
T: 9.5875
V: 1
J_V_final: 0.5
GROUND_STATE_OVERLAP: -4.17587938533593e-19
ENERGY_DIFFERENCE: 0.9219333320695657
