N: 2
M: 2
T: 0.1
V: 1
J_V_final: 0.0
GROUND_STATE_OVERLAP: 1.8431751420893468e-35
ENERGY_DIFFERENCE: 1.000163768632659
