N: 2
M: 3
T: 0.925
V: -1
J_V_final: 0.0
GROUND_STATE_OVERLAP: 0.610739658989961
ENERGY_DIFFERENCE: 0.3892603410100389
