N: 2
M: 4
T: 0.1
V: 1
J_V_final: 2.0
GROUND_STATE_OVERLAP: 0.021873358058764766
ENERGY_DIFFERENCE: 5.896553171880138
