N: 2
M: 3
T: 7.9375
V: -1
J_V_final: 0.0
GROUND_STATE_OVERLAP: 0.9749070050856867
ENERGY_DIFFERENCE: 0.02509299491431305
