N: 2
M: 4
T: 10.0
V: -1
J_V_final: 0.0
GROUND_STATE_OVERLAP: 0.9922005907528648
ENERGY_DIFFERENCE: 0.0077994092471350696
