N: 2
M: 5
T: 9.5875
V: -1
J_V_final: 0.0
GROUND_STATE_OVERLAP: 0.9925148138067634
ENERGY_DIFFERENCE: 0.007485186193236459
