N: 2
M: 5
T: 8.762500000000001
V: -1
J_V_final: 0.5
GROUND_STATE_OVERLAP: 0.9854261955558082
ENERGY_DIFFERENCE: 0.013705884916185074
