N: 2
M: 5
T: 1.7500000000000002
V: 1
J_V_final: 0.0
GROUND_STATE_OVERLAP: 1.3015084097378774e-34
ENERGY_DIFFERENCE: 1.000267344823984
