N: 2
M: 5
T: 4.225
V: 1
J_V_final: 0.0
GROUND_STATE_OVERLAP: 3.825529034511474e-33
ENERGY_DIFFERENCE: 1.0000450442908306
