N: 2
M: 3
T: 2.575
V: 1
J_V_final: 0.5
GROUND_STATE_OVERLAP: -2.079819247269937e-18
ENERGY_DIFFERENCE: 1.110502613451665
