N: 2
M: 3
T: 8.762500000000001
V: 1
J_V_final: 0.0
GROUND_STATE_OVERLAP: 6.018533299902619e-34
ENERGY_DIFFERENCE: 1.0000217367949418
