N: 2
M: 4
T: 8.762500000000001
V: -1
J_V_final: 2.0
GROUND_STATE_OVERLAP: 0.999895577087001
ENERGY_DIFFERENCE: 0.0006034891425956701
