N: 2
M: 2
T: 1.7500000000000002
V: 1
J_V_final: 0.0
GROUND_STATE_OVERLAP: 1.1555579666323415e-33
ENERGY_DIFFERENCE: 1.003404421751974
