N: 2
M: 5
T: 1.7500000000000002
V: -1
J_V_final: 0.0
GROUND_STATE_OVERLAP: 0.5961233600335352
ENERGY_DIFFERENCE: 0.4038766399664646
