N: 2
M: 3
T: 0.925
V: 1
J_V_final: 2.0
GROUND_STATE_OVERLAP: 0.970849247059219
ENERGY_DIFFERENCE: 0.14881902188070129
