N: 2
M: 4
T: 9.5875
V: -1
J_V_final: 2.0
GROUND_STATE_OVERLAP: 0.9999708897708932
ENERGY_DIFFERENCE: 0.00016202225189143604
