N: 2
M: 4
T: 5.875
V: 1
J_V_final: 0.0
GROUND_STATE_OVERLAP: 1.023150282955719e-33
ENERGY_DIFFERENCE: 1.000022905470489
