N: 2
M: 4
T: 4.225
V: -1
J_V_final: 0.5
GROUND_STATE_OVERLAP: 0.9810648619300042
ENERGY_DIFFERENCE: 0.024151641559506665
