N: 2
M: 3
T: 8.762500000000001
V: -1
J_V_final: 2.0
GROUND_STATE_OVERLAP: 0.9998385343583279
ENERGY_DIFFERENCE: 0.0009896202517358788
