N: 2
M: 2
T: 2.1625
V: 1
J_V_final: 0.0
GROUND_STATE_OVERLAP: 1.3870833339702993e-34
ENERGY_DIFFERENCE: 1.000075603092607
