N: 2
M: 5
T: 9.5875
V: 1
J_V_final: 0.5
GROUND_STATE_OVERLAP: 2.3115645821635934e-19
ENERGY_DIFFERENCE: 1.245237081830221
