N: 2
M: 5
T: 9.5875
V: -1
J_V_final: 2.0
GROUND_STATE_OVERLAP: 0.9986806736829072
ENERGY_DIFFERENCE: 0.00531407341751855
