N: 2
M: 5
T: 0.5125000000000001
V: -1
J_V_final: 0.0
GROUND_STATE_OVERLAP: 0.5299477146810052
ENERGY_DIFFERENCE: 0.4700522853189948
