N: 2
M: 3
T: 9.5875
V: -1
J_V_final: 0.0
GROUND_STATE_OVERLAP: 0.9913710161866994
ENERGY_DIFFERENCE: 0.008628983813300461
