N: 2
M: 3
T: 1.7500000000000002
V: -1
J_V_final: 0.0
GROUND_STATE_OVERLAP: 0.052469065472361784
ENERGY_DIFFERENCE: 0.9475309345276381
