N: 2
M: 3
T: 7.9375
V: -1
J_V_final: 0.5
GROUND_STATE_OVERLAP: 0.9915228601978561
ENERGY_DIFFERENCE: 0.016097821948530155
