N: 2
M: 2
T: 3.8125000000000004
V: -1
J_V_final: 2.0
GROUND_STATE_OVERLAP: 0.999996782819925
ENERGY_DIFFERENCE: 2.5688073713503456e-05
