N: 2
M: 5
T: 6.2875000000000005
V: 1
J_V_final: 0.0
GROUND_STATE_OVERLAP: 4.898532672973611e-34
ENERGY_DIFFERENCE: 1.00003045916517
