N: 2
M: 3
T: 1.7500000000000002
V: -1
J_V_final: 0.0
GROUND_STATE_OVERLAP: 0.048751605508966706
ENERGY_DIFFERENCE: 0.9512483944910333
