N: 2
M: 3
T: 7.1125
V: -1
J_V_final: 0.5
GROUND_STATE_OVERLAP: 0.988235070231351
ENERGY_DIFFERENCE: 0.021027989373385347
