N: 2
M: 3
T: 8.762500000000001
V: 1
J_V_final: 0.5
GROUND_STATE_OVERLAP: -1.7374873100223184e-18
ENERGY_DIFFERENCE: 0.9372763718500868
