N: 2
M: 3
T: 6.7
V: 1
J_V_final: 0.5
GROUND_STATE_OVERLAP: 9.990877318294749e-20
ENERGY_DIFFERENCE: 1.0990358041941732
