N: 2
M: 5
T: 7.9375
V: 1
J_V_final: 0.0
GROUND_STATE_OVERLAP: 1.823803906013198e-33
ENERGY_DIFFERENCE: 1.000021520680546
