N: 2
M: 5
T: 3.8125000000000004
V: -1
J_V_final: 0.5
GROUND_STATE_OVERLAP: 0.9708405647588316
ENERGY_DIFFERENCE: 0.036427641439417346
