N: 2
M: 2
T: 4.225
V: -1
J_V_final: 0.0
GROUND_STATE_OVERLAP: 0.9648691157917972
ENERGY_DIFFERENCE: 0.03513088420820254
