N: 2
M: 2
T: 8.762500000000001
V: 1
J_V_final: 0.5
GROUND_STATE_OVERLAP: 9.516930977253788e-18
ENERGY_DIFFERENCE: 0.5228508230105872
