N: 2
M: 2
T: 0.1
V: -1
J_V_final: 0.0
GROUND_STATE_OVERLAP: 0.0013280529025437113
ENERGY_DIFFERENCE: 0.9986719470974563
