N: 2
M: 5
T: 0.925
V: -1
J_V_final: 0.0
GROUND_STATE_OVERLAP: 0.6016892689427816
ENERGY_DIFFERENCE: 0.39831073105721826
