N: 2
M: 5
T: 0.925
V: 1
J_V_final: 0.5
GROUND_STATE_OVERLAP: 9.648897388377402e-20
ENERGY_DIFFERENCE: 1.5696775500520577
