N: 2
M: 5
T: 5.875
V: -1
J_V_final: 0.5
GROUND_STATE_OVERLAP: 0.9729906353652931
ENERGY_DIFFERENCE: 0.027791461894628
