N: 2
M: 4
T: 5.05
V: 1
J_V_final: 0.5
GROUND_STATE_OVERLAP: -1.5597051154131525e-19
ENERGY_DIFFERENCE: 1.2506005826176523
