N: 2
M: 5
T: 7.525
V: -1
J_V_final: 2.0
GROUND_STATE_OVERLAP: 0.9954889740848076
ENERGY_DIFFERENCE: 0.016398366559978506
