N: 2
M: 4
T: 0.925
V: 1
J_V_final: 2.0
GROUND_STATE_OVERLAP: 0.9151067166720018
ENERGY_DIFFERENCE: 0.41240523165097365
