N: 2
M: 2
T: 2.1625
V: -1
J_V_final: 2.0
GROUND_STATE_OVERLAP: 0.999976249125248
ENERGY_DIFFERENCE: 0.00018886648696181396
