N: 2
M: 3
T: 5.05
V: -1
J_V_final: 0.0
GROUND_STATE_OVERLAP: 0.9112002830475302
ENERGY_DIFFERENCE: 0.08879971695246969
