N: 2
M: 4
T: 4.225
V: 1
J_V_final: 0.5
GROUND_STATE_OVERLAP: 7.293819457943888e-20
ENERGY_DIFFERENCE: 1.286220790579099
