N: 2
M: 5
T: 5.4625
V: 1
J_V_final: 2.0
GROUND_STATE_OVERLAP: 0.9973223670023874
ENERGY_DIFFERENCE: 0.008714583739432236
