N: 2
M: 2
T: 7.9375
V: 1
J_V_final: 0.5
GROUND_STATE_OVERLAP: 1.1554378898761396e-19
ENERGY_DIFFERENCE: 0.6962773121361572
