N: 2
M: 4
T: 9.175
V: -1
J_V_final: 0.0
GROUND_STATE_OVERLAP: 0.9823386866284602
ENERGY_DIFFERENCE: 0.017661313371539533
