N: 2
M: 4
T: 0.5125000000000001
V: 1
J_V_final: 0.5
GROUND_STATE_OVERLAP: 7.813412648833602e-21
ENERGY_DIFFERENCE: 1.5232724006014062
