N: 2
M: 3
T: 10.0
V: 1
J_V_final: 2.0
GROUND_STATE_OVERLAP: 0.9998540606096932
ENERGY_DIFFERENCE: 0.0007168745513332908
