N: 2
M: 4
T: 5.05
V: 1
J_V_final: 0.0
GROUND_STATE_OVERLAP: 2.515745989855827e-33
ENERGY_DIFFERENCE: 1.000032285339902
