N: 2
M: 2
T: 9.5875
V: 1
J_V_final: 2.0
GROUND_STATE_OVERLAP: 0.9999989927600865
ENERGY_DIFFERENCE: 4.4012185078656785e-06
