N: 2
M: 3
T: 7.9375
V: 1
J_V_final: 2.0
GROUND_STATE_OVERLAP: 0.999887005464065
ENERGY_DIFFERENCE: 0.000592901222413289
