N: 2
M: 4
T: 9.5875
V: -1
J_V_final: 0.0
GROUND_STATE_OVERLAP: 0.985260365551431
ENERGY_DIFFERENCE: 0.01473963444856885
