N: 2
M: 2
T: 7.525
V: 1
J_V_final: 2.0
GROUND_STATE_OVERLAP: 0.9999920804054886
ENERGY_DIFFERENCE: 2.8357398166534153e-05
