N: 2
M: 5
T: 4.225
V: 1
J_V_final: 2.0
GROUND_STATE_OVERLAP: 0.9884692078399053
ENERGY_DIFFERENCE: 0.03868197930206563
