N: 2
M: 3
T: 5.4625
V: 1
J_V_final: 0.0
GROUND_STATE_OVERLAP: 2.1245414699021696e-33
ENERGY_DIFFERENCE: 1.0000118991481106
