N: 2
M: 3
T: 1.3375000000000001
V: -1
J_V_final: 0.0
GROUND_STATE_OVERLAP: 0.6619625911762606
ENERGY_DIFFERENCE: 0.33803740882373934
