N: 2
M: 4
T: 9.175
V: 1
J_V_final: 0.0
GROUND_STATE_OVERLAP: 3.316210622991772e-33
ENERGY_DIFFERENCE: 1.0000213849161792
