N: 2
M: 4
T: 2.575
V: -1
J_V_final: 0.5
GROUND_STATE_OVERLAP: 0.97783416097202
ENERGY_DIFFERENCE: 0.03783577408680827
