N: 2
M: 4
T: 3.4000000000000004
V: 1
J_V_final: 2.0
GROUND_STATE_OVERLAP: 0.99411564494072
ENERGY_DIFFERENCE: 0.025596762974996246
