N: 2
M: 3
T: 7.525
V: 1
J_V_final: 0.5
GROUND_STATE_OVERLAP: -1.8348038523350408e-18
ENERGY_DIFFERENCE: 0.9569345660000572
