N: 2
M: 3
T: 7.1125
V: 1
J_V_final: 0.5
GROUND_STATE_OVERLAP: -5.623802464672113e-19
ENERGY_DIFFERENCE: 0.9636352327958871
