N: 2
M: 2
T: 2.9875000000000003
V: -1
J_V_final: 0.0
GROUND_STATE_OVERLAP: 0.9261327549992805
ENERGY_DIFFERENCE: 0.0738672450007194
