N: 2
M: 2
T: 7.9375
V: -1
J_V_final: 2.0
GROUND_STATE_OVERLAP: 0.9999960833762341
ENERGY_DIFFERENCE: 2.521624402174183e-05
