N: 2
M: 5
T: 9.5875
V: 1
J_V_final: 2.0
GROUND_STATE_OVERLAP: 0.9990549720043695
ENERGY_DIFFERENCE: 0.0035059666773058495
