N: 2
M: 3
T: 8.35
V: 1
J_V_final: 0.0
GROUND_STATE_OVERLAP: 6.484967234616396e-34
ENERGY_DIFFERENCE: 1.0000194031110488
