N: 2
M: 2
T: 1.3375000000000001
V: -1
J_V_final: 2.0
GROUND_STATE_OVERLAP: 0.9993588954985889
ENERGY_DIFFERENCE: 0.005082254574411138
