N: 2
M: 4
T: 7.525
V: 1
J_V_final: 2.0
GROUND_STATE_OVERLAP: 0.9997344211275031
ENERGY_DIFFERENCE: 0.001262381637157084
