N: 2
M: 4
T: 1.7500000000000002
V: -1
J_V_final: 0.0
GROUND_STATE_OVERLAP: 0.0005366883017442989
ENERGY_DIFFERENCE: 0.9994633116982558
