N: 2
M: 4
T: 4.6375
V: -1
J_V_final: 0.5
GROUND_STATE_OVERLAP: 0.9764647704751428
ENERGY_DIFFERENCE: 0.033589471120680336
