N: 2
M: 4
T: 8.35
V: -1
J_V_final: 0.0
GROUND_STATE_OVERLAP: 0.9726974978325036
ENERGY_DIFFERENCE: 0.02730250216749619
