N: 2
M: 5
T: 5.4625
V: 1
J_V_final: 0.0
GROUND_STATE_OVERLAP: 2.8183661485797335e-34
ENERGY_DIFFERENCE: 1.0000118266840974
