N: 2
M: 3
T: 8.762500000000001
V: -1
J_V_final: 2.0
GROUND_STATE_OVERLAP: 0.9998399833195123
ENERGY_DIFFERENCE: 0.00097710816572949
