N: 2
M: 4
T: 9.175
V: 1
J_V_final: 0.5
GROUND_STATE_OVERLAP: 1.0724866595032861e-18
ENERGY_DIFFERENCE: 1.135615190807885
