N: 2
M: 3
T: 1.7500000000000002
V: 1
J_V_final: 0.0
GROUND_STATE_OVERLAP: 7.229290257557068e-35
ENERGY_DIFFERENCE: 1.0000522833445373
