N: 2
M: 3
T: 7.9375
V: 1
J_V_final: 0.0
GROUND_STATE_OVERLAP: 1.1375023734037112e-33
ENERGY_DIFFERENCE: 1.0000210151917952
