N: 2
M: 4
T: 9.175
V: -1
J_V_final: 0.5
GROUND_STATE_OVERLAP: 0.9857309811887524
ENERGY_DIFFERENCE: 0.015468375769257747
