N: 2
M: 2
T: 6.7
V: 1
J_V_final: 0.5
GROUND_STATE_OVERLAP: 8.745429062660027e-18
ENERGY_DIFFERENCE: 0.5322182046916187
