N: 2
M: 4
T: 2.1625
V: 1
J_V_final: 0.5
GROUND_STATE_OVERLAP: 1.658387533118619e-20
ENERGY_DIFFERENCE: 1.409750357631944
