N: 2
M: 3
T: 4.6375
V: 1
J_V_final: 0.5
GROUND_STATE_OVERLAP: -3.355864856061415e-18
ENERGY_DIFFERENCE: 1.0311563622096656
