N: 2
M: 3
T: 7.525
V: -1
J_V_final: 0.5
GROUND_STATE_OVERLAP: 0.9885381544249906
ENERGY_DIFFERENCE: 0.02034355137252919
