N: 2
M: 2
T: 8.762500000000001
V: 1
J_V_final: 2.0
GROUND_STATE_OVERLAP: 0.9999954903708923
ENERGY_DIFFERENCE: 1.941714589914767e-05
