N: 2
M: 2
T: 4.6375
V: 1
J_V_final: 2.0
GROUND_STATE_OVERLAP: 0.9999966154319404
ENERGY_DIFFERENCE: 2.2945387584627497e-05
