N: 2
M: 5
T: 3.4000000000000004
V: -1
J_V_final: 2.0
GROUND_STATE_OVERLAP: 0.9860826428169985
ENERGY_DIFFERENCE: 0.05334564779483664
