N: 2
M: 5
T: 8.762500000000001
V: 1
J_V_final: 0.5
GROUND_STATE_OVERLAP: 4.085927081110082e-19
ENERGY_DIFFERENCE: 1.2656255014953797
