N: 2
M: 3
T: 2.9875000000000003
V: -1
J_V_final: 2.0
GROUND_STATE_OVERLAP: 0.9997023450906957
ENERGY_DIFFERENCE: 0.0018577522341569619
