N: 2
M: 2
T: 5.4625
V: -1
J_V_final: 0.5
GROUND_STATE_OVERLAP: 0.9975171855105817
ENERGY_DIFFERENCE: 0.005154763261242312
