N: 2
M: 2
T: 10.0
V: 1
J_V_final: 0.5
GROUND_STATE_OVERLAP: 2.1189140767056e-18
ENERGY_DIFFERENCE: 0.6503129853624787
