N: 2
M: 2
T: 5.4625
V: 1
J_V_final: 0.0
GROUND_STATE_OVERLAP: 1.290974915847069e-33
ENERGY_DIFFERENCE: 1.00010638971959
