N: 2
M: 3
T: 0.1
V: 1
J_V_final: 0.0
GROUND_STATE_OVERLAP: 1.0532429383367696e-35
ENERGY_DIFFERENCE: 1.0001635747148927
