N: 2
M: 4
T: 0.5125000000000001
V: 1
J_V_final: 2.0
GROUND_STATE_OVERLAP: 0.2800856181293876
ENERGY_DIFFERENCE: 2.225106213584034
