N: 2
M: 4
T: 6.2875000000000005
V: 1
J_V_final: 2.0
GROUND_STATE_OVERLAP: 0.99933523006788
ENERGY_DIFFERENCE: 0.0033923955949743956
