N: 2
M: 5
T: 2.1625
V: 1
J_V_final: 0.0
GROUND_STATE_OVERLAP: 3.7709986809678876e-35
ENERGY_DIFFERENCE: 1.0000584721641568
