N: 2
M: 4
T: 5.875
V: -1
J_V_final: 2.0
GROUND_STATE_OVERLAP: 0.999345089466342
ENERGY_DIFFERENCE: 0.0032344041451297656
