N: 2
M: 2
T: 8.762500000000001
V: -1
J_V_final: 0.0
GROUND_STATE_OVERLAP: 0.9876578014055308
ENERGY_DIFFERENCE: 0.012342198594468945
