N: 2
M: 4
T: 5.875
V: 1
J_V_final: 2.0
GROUND_STATE_OVERLAP: 0.9992394304656109
ENERGY_DIFFERENCE: 0.0038068503647998853
