N: 2
M: 4
T: 5.875
V: -1
J_V_final: 0.5
GROUND_STATE_OVERLAP: 0.9798978192438388
ENERGY_DIFFERENCE: 0.021041812265252258
