N: 2
M: 3
T: 9.175
V: -1
J_V_final: 0.5
GROUND_STATE_OVERLAP: 0.9941275557564522
ENERGY_DIFFERENCE: 0.011355800803998672
