N: 2
M: 3
T: 5.4625
V: -1
J_V_final: 0.5
GROUND_STATE_OVERLAP: 0.9870565774593006
ENERGY_DIFFERENCE: 0.02532367374193578
