N: 2
M: 3
T: 9.5875
V: -1
J_V_final: 0.5
GROUND_STATE_OVERLAP: 0.9931134311580119
ENERGY_DIFFERENCE: 0.012656943309547142
