N: 2
M: 5
T: 5.4625
V: -1
J_V_final: 2.0
GROUND_STATE_OVERLAP: 0.9938403447786013
ENERGY_DIFFERENCE: 0.02387291446344264
