N: 2
M: 4
T: 4.6375
V: 1
J_V_final: 0.0
GROUND_STATE_OVERLAP: 6.5301062176879716e-34
ENERGY_DIFFERENCE: 1.0000314337138387
