N: 2
M: 3
T: 10.0
V: -1
J_V_final: 0.0
GROUND_STATE_OVERLAP: 0.9906362432245961
ENERGY_DIFFERENCE: 0.009363756775403798
