N: 2
M: 2
T: 0.1
V: 1
J_V_final: 2.0
GROUND_STATE_OVERLAP: 0.3203381901538659
ENERGY_DIFFERENCE: 3.2268808682779286
