N: 2
M: 4
T: 7.9375
V: 1
J_V_final: 0.0
GROUND_STATE_OVERLAP: 5.341446330136474e-35
ENERGY_DIFFERENCE: 1.0000212932998749
