N: 2
M: 3
T: 5.875
V: 1
J_V_final: 0.0
GROUND_STATE_OVERLAP: 2.467597741246146e-34
ENERGY_DIFFERENCE: 1.0000269404105497
