N: 2
M: 5
T: 3.8125000000000004
V: 1
J_V_final: 2.0
GROUND_STATE_OVERLAP: 0.9846280467795469
ENERGY_DIFFERENCE: 0.05452592914577803
