N: 2
M: 5
T: 7.9375
V: 1
J_V_final: 0.5
GROUND_STATE_OVERLAP: -4.459302141994101e-19
ENERGY_DIFFERENCE: 1.2821134440413968
