N: 2
M: 5
T: 8.762500000000001
V: 1
J_V_final: 0.0
GROUND_STATE_OVERLAP: 1.637724584554841e-33
ENERGY_DIFFERENCE: 1.000021260372432
