N: 2
M: 4
T: 8.35
V: -1
J_V_final: 2.0
GROUND_STATE_OVERLAP: 0.9999220239675506
ENERGY_DIFFERENCE: 0.00037170428365573827
