N: 2
M: 5
T: 4.6375
V: -1
J_V_final: 2.0
GROUND_STATE_OVERLAP: 0.9861079721961616
ENERGY_DIFFERENCE: 0.052303862761510445
