N: 2
M: 2
T: 0.925
V: 1
J_V_final: 0.5
GROUND_STATE_OVERLAP: 9.102283342200122e-18
ENERGY_DIFFERENCE: 0.6817931821862837
