N: 2
M: 4
T: 0.925
V: -1
J_V_final: 0.0
GROUND_STATE_OVERLAP: 0.602416031525354
ENERGY_DIFFERENCE: 0.39758396847464583
