N: 2
M: 2
T: 6.2875000000000005
V: 1
J_V_final: 0.0
GROUND_STATE_OVERLAP: 4.634268928681786e-34
ENERGY_DIFFERENCE: 1.0000304758029368
