N: 2
M: 3
T: 7.9375
V: -1
J_V_final: 0.0
GROUND_STATE_OVERLAP: 0.9745193591861754
ENERGY_DIFFERENCE: 0.025480640813824507
