N: 2
M: 5
T: 1.3375000000000001
V: -1
J_V_final: 0.5
GROUND_STATE_OVERLAP: 0.8958961484863062
ENERGY_DIFFERENCE: 0.18076700727107875
