N: 2
M: 3
T: 2.575
V: -1
J_V_final: 2.0
GROUND_STATE_OVERLAP: 0.9991009355382485
ENERGY_DIFFERENCE: 0.005874308689033825
