N: 2
M: 3
T: 2.575
V: -1
J_V_final: 2.0
GROUND_STATE_OVERLAP: 0.9991008973782612
ENERGY_DIFFERENCE: 0.005874445823318197
