N: 2
M: 2
T: 5.4625
V: -1
J_V_final: 2.0
GROUND_STATE_OVERLAP: 0.9999926373341886
ENERGY_DIFFERENCE: 5.2529160958769694e-05
