N: 2
M: 4
T: 3.8125000000000004
V: -1
J_V_final: 0.5
GROUND_STATE_OVERLAP: 0.9803686559357356
ENERGY_DIFFERENCE: 0.026011693247799617
