N: 2
M: 2
T: 5.05
V: -1
J_V_final: 0.0
GROUND_STATE_OVERLAP: 0.9831345643720666
ENERGY_DIFFERENCE: 0.0168654356279333
