N: 2
M: 2
T: 1.7500000000000002
V: -1
J_V_final: 0.0
GROUND_STATE_OVERLAP: 0.8273279251827137
ENERGY_DIFFERENCE: 0.1726720748172862
