N: 2
M: 2
T: 7.525
V: -1
J_V_final: 0.5
GROUND_STATE_OVERLAP: 0.9987600341971018
ENERGY_DIFFERENCE: 0.002528148607833902
