N: 2
M: 3
T: 3.8125000000000004
V: 1
J_V_final: 0.0
GROUND_STATE_OVERLAP: 6.018843173404086e-36
ENERGY_DIFFERENCE: 1.0000375656647238
