N: 2
M: 2
T: 0.5125000000000001
V: 1
J_V_final: 2.0
GROUND_STATE_OVERLAP: 0.9946842571243909
ENERGY_DIFFERENCE: 0.028327135561254213
