N: 2
M: 4
T: 2.575
V: -1
J_V_final: 0.0
GROUND_STATE_OVERLAP: 0.78481337399322
ENERGY_DIFFERENCE: 0.21518662600677974
