N: 2
M: 3
T: 6.7
V: 1
J_V_final: 2.0
GROUND_STATE_OVERLAP: 0.9999382609931351
ENERGY_DIFFERENCE: 0.0003004084242990146
