N: 2
M: 3
T: 7.1125
V: -1
J_V_final: 0.0
GROUND_STATE_OVERLAP: 0.9531593158900726
ENERGY_DIFFERENCE: 0.046840684109927144
