N: 2
M: 4
T: 0.925
V: 1
J_V_final: 0.0
GROUND_STATE_OVERLAP: 1.3240768367662246e-34
ENERGY_DIFFERENCE: 1.0000909010281318
