N: 2
M: 2
T: 7.9375
V: -1
J_V_final: 0.0
GROUND_STATE_OVERLAP: 0.9851987241022973
ENERGY_DIFFERENCE: 0.014801275897702526
