N: 2
M: 3
T: 7.1125
V: 1
J_V_final: 0.0
GROUND_STATE_OVERLAP: 2.5202744095387105e-35
ENERGY_DIFFERENCE: 1.000014263236769
