N: 2
M: 2
T: 3.4000000000000004
V: -1
J_V_final: 0.5
GROUND_STATE_OVERLAP: 0.9979374196017551
ENERGY_DIFFERENCE: 0.004277056022553349
