N: 2
M: 3
T: 10.0
V: -1
J_V_final: 0.5
GROUND_STATE_OVERLAP: 0.9853488699978239
ENERGY_DIFFERENCE: 0.02433116234716448
