N: 2
M: 5
T: 6.7
V: -1
J_V_final: 0.5
GROUND_STATE_OVERLAP: 0.9799932981019837
ENERGY_DIFFERENCE: 0.021675346893468284
