N: 2
M: 2
T: 0.5125000000000001
V: -1
J_V_final: 2.0
GROUND_STATE_OVERLAP: 0.9925675515488481
ENERGY_DIFFERENCE: 0.04454089098344394
