N: 2
M: 2
T: 5.4625
V: 1
J_V_final: 2.0
GROUND_STATE_OVERLAP: 0.99994795505151
ENERGY_DIFFERENCE: 0.00028557022520292463
