N: 2
M: 4
T: 9.5875
V: -1
J_V_final: 0.5
GROUND_STATE_OVERLAP: 0.9912175954599513
ENERGY_DIFFERENCE: 0.009398692412673437
