N: 2
M: 3
T: 2.1625
V: 1
J_V_final: 0.5
GROUND_STATE_OVERLAP: -5.459988129085916e-19
ENERGY_DIFFERENCE: 1.1336763780959973
