N: 2
M: 2
T: 7.1125
V: 1
J_V_final: 2.0
GROUND_STATE_OVERLAP: 0.9999994132264391
ENERGY_DIFFERENCE: 3.3544233000171175e-06
