N: 2
M: 2
T: 2.9875000000000003
V: 1
J_V_final: 2.0
GROUND_STATE_OVERLAP: 0.9999437488452888
ENERGY_DIFFERENCE: 0.0004475143122113501
