N: 2
M: 4
T: 4.225
V: 1
J_V_final: 0.0
GROUND_STATE_OVERLAP: 4.513898307157584e-34
ENERGY_DIFFERENCE: 1.0000404017231304
