N: 2
M: 5
T: 8.762500000000001
V: 1
J_V_final: 2.0
GROUND_STATE_OVERLAP: 0.9985350498742069
ENERGY_DIFFERENCE: 0.005837421525015429
