N: 2
M: 2
T: 5.05
V: 1
J_V_final: 0.5
GROUND_STATE_OVERLAP: 8.659381649826106e-18
ENERGY_DIFFERENCE: 0.5480579970940609
