N: 2
M: 3
T: 1.7500000000000002
V: -1
J_V_final: 2.0
GROUND_STATE_OVERLAP: 0.9972240317280439
ENERGY_DIFFERENCE: 0.017015261043154872
