N: 2
M: 4
T: 6.7
V: -1
J_V_final: 0.5
GROUND_STATE_OVERLAP: 0.983838947063899
ENERGY_DIFFERENCE: 0.017331528518248263
