N: 2
M: 4
T: 4.225
V: -1
J_V_final: 0.0
GROUND_STATE_OVERLAP: 0.8815136995363958
ENERGY_DIFFERENCE: 0.11848630046360398
