N: 2
M: 3
T: 8.762500000000001
V: 1
J_V_final: 2.0
GROUND_STATE_OVERLAP: 0.999903045204193
ENERGY_DIFFERENCE: 0.0005007429341592484
