N: 2
M: 5
T: 2.1625
V: -1
J_V_final: 0.5
GROUND_STATE_OVERLAP: 0.9627022010222792
ENERGY_DIFFERENCE: 0.06532434617761274
