N: 2
M: 2
T: 1.3375000000000001
V: -1
J_V_final: 0.0
GROUND_STATE_OVERLAP: 0.7865576154981921
ENERGY_DIFFERENCE: 0.21344238450180764
