N: 2
M: 2
T: 4.225
V: 1
J_V_final: 0.0
GROUND_STATE_OVERLAP: 2.445028249710358e-35
ENERGY_DIFFERENCE: 1.0001364190732875
