N: 2
M: 4
T: 3.8125000000000004
V: 1
J_V_final: 0.0
GROUND_STATE_OVERLAP: 5.2361220363027975e-34
ENERGY_DIFFERENCE: 1.000037496609498
