N: 2
M: 2
T: 9.5875
V: -1
J_V_final: 0.0
GROUND_STATE_OVERLAP: 0.9937911767730749
ENERGY_DIFFERENCE: 0.006208823226924842
