N: 2
M: 2
T: 5.875
V: 1
J_V_final: 0.0
GROUND_STATE_OVERLAP: 1.3240768367662246e-34
ENERGY_DIFFERENCE: 1.000078944511183
