N: 2
M: 3
T: 2.9875000000000003
V: -1
J_V_final: 0.5
GROUND_STATE_OVERLAP: 0.9900360728499595
ENERGY_DIFFERENCE: 0.01865269576352535
