N: 2
M: 2
T: 8.35
V: 1
J_V_final: 0.0
GROUND_STATE_OVERLAP: 1.6516775203064935e-30
ENERGY_DIFFERENCE: 1.3643863081525938
