N: 2
M: 5
T: 1.7500000000000002
V: -1
J_V_final: 0.5
GROUND_STATE_OVERLAP: 0.9501390525935431
ENERGY_DIFFERENCE: 0.09115589510975175
