N: 2
M: 5
T: 10.0
V: -1
J_V_final: 0.5
GROUND_STATE_OVERLAP: 0.9917553522653008
ENERGY_DIFFERENCE: 0.008059226060593172
