N: 2
M: 3
T: 2.9875000000000003
V: 1
J_V_final: 2.0
GROUND_STATE_OVERLAP: 0.9991131282121382
ENERGY_DIFFERENCE: 0.004401207757346093
