N: 2
M: 5
T: 10.0
V: -1
J_V_final: 2.0
GROUND_STATE_OVERLAP: 0.9985608793167154
ENERGY_DIFFERENCE: 0.005755825463311659
