N: 2
M: 2
T: 9.175
V: 1
J_V_final: 0.0
GROUND_STATE_OVERLAP: 6.800940116117427e-34
ENERGY_DIFFERENCE: 1.0000263570630576
