N: 2
M: 5
T: 6.7
V: 1
J_V_final: 0.5
GROUND_STATE_OVERLAP: -4.168421715052316e-21
ENERGY_DIFFERENCE: 1.0227315444269727
