N: 2
M: 4
T: 4.6375
V: 1
J_V_final: 2.0
GROUND_STATE_OVERLAP: 0.9991652285765761
ENERGY_DIFFERENCE: 0.004079130473043868
