N: 2
M: 4
T: 8.35
V: -1
J_V_final: 0.5
GROUND_STATE_OVERLAP: 0.9829109914653776
ENERGY_DIFFERENCE: 0.017911498976864948
