N: 2
M: 2
T: 6.2875000000000005
V: -1
J_V_final: 2.0
GROUND_STATE_OVERLAP: 0.99999651579738
ENERGY_DIFFERENCE: 2.760276512425719e-05
