N: 2
M: 3
T: 1.7500000000000002
V: 1
J_V_final: 0.0
GROUND_STATE_OVERLAP: 4.729120978442858e-31
ENERGY_DIFFERENCE: 1.0633706645498677
