N: 2
M: 5
T: 10.0
V: -1
J_V_final: 0.0
GROUND_STATE_OVERLAP: 0.988999392077274
ENERGY_DIFFERENCE: 0.011000607922725836
