N: 2
M: 3
T: 5.4625
V: -1
J_V_final: 0.0
GROUND_STATE_OVERLAP: 0.9344624868027203
ENERGY_DIFFERENCE: 0.0655375131972794
