N: 2
M: 4
T: 3.8125000000000004
V: 1
J_V_final: 0.5
GROUND_STATE_OVERLAP: 1.2760812684521584e-19
ENERGY_DIFFERENCE: 1.2704957793876743
