N: 2
M: 4
T: 0.5125000000000001
V: -1
J_V_final: 0.0
GROUND_STATE_OVERLAP: 0.5313215404126133
ENERGY_DIFFERENCE: 0.4686784595873865
