N: 2
M: 5
T: 2.575
V: 1
J_V_final: 2.0
GROUND_STATE_OVERLAP: 0.9745545816526684
ENERGY_DIFFERENCE: 0.09026673171296018
