N: 2
M: 3
T: 9.5875
V: -1
J_V_final: 2.0
GROUND_STATE_OVERLAP: 0.9997807078975158
ENERGY_DIFFERENCE: 0.0012537392189280183
