N: 2
M: 4
T: 3.4000000000000004
V: -1
J_V_final: 0.5
GROUND_STATE_OVERLAP: 0.9810237614899714
ENERGY_DIFFERENCE: 0.026217335791277385
