N: 2
M: 4
T: 0.1
V: -1
J_V_final: 2.0
GROUND_STATE_OVERLAP: 0.020814459810140143
ENERGY_DIFFERENCE: 6.798599802211761
