N: 2
M: 4
T: 6.7
V: 1
J_V_final: 2.0
GROUND_STATE_OVERLAP: 0.9989168685653219
ENERGY_DIFFERENCE: 0.0057377481428746435
