N: 2
M: 3
T: 9.175
V: 1
J_V_final: 0.5
GROUND_STATE_OVERLAP: -6.532158787251787e-18
ENERGY_DIFFERENCE: 0.9288239261685118
