N: 2
M: 3
T: 7.525
V: 1
J_V_final: 0.0
GROUND_STATE_OVERLAP: 2.2531892289998804e-34
ENERGY_DIFFERENCE: 1.0000260710895108
