N: 2
M: 2
T: 6.2875000000000005
V: -1
J_V_final: 0.5
GROUND_STATE_OVERLAP: 0.9988241434225524
ENERGY_DIFFERENCE: 0.00241674203035247
