N: 2
M: 3
T: 6.2875000000000005
V: 1
J_V_final: 0.5
GROUND_STATE_OVERLAP: -3.6511169053325835e-19
ENERGY_DIFFERENCE: 1.013564418818561
