N: 2
M: 5
T: 1.3375000000000001
V: 1
J_V_final: 0.0
GROUND_STATE_OVERLAP: 2.3773201188415234e-34
ENERGY_DIFFERENCE: 1.0000663289009695
