N: 2
M: 4
T: 2.575
V: 1
J_V_final: 2.0
GROUND_STATE_OVERLAP: 0.9893609927501804
ENERGY_DIFFERENCE: 0.04797612612669688
