N: 2
M: 3
T: 6.7
V: 1
J_V_final: 0.5
GROUND_STATE_OVERLAP: -6.023513308371943e-19
ENERGY_DIFFERENCE: 1.0973275781623781
