N: 2
M: 5
T: 8.35
V: 1
J_V_final: 0.5
GROUND_STATE_OVERLAP: 6.70178807478787e-19
ENERGY_DIFFERENCE: 1.2737677421679474
