N: 2
M: 2
T: 7.1125
V: -1
J_V_final: 0.5
GROUND_STATE_OVERLAP: 0.9988922453091564
ENERGY_DIFFERENCE: 0.002284589519079283
