N: 2
M: 3
T: 0.1
V: 1
J_V_final: 2.0
GROUND_STATE_OVERLAP: 0.0766628353258374
ENERGY_DIFFERENCE: 4.990851333486428
