N: 2
M: 4
T: 4.225
V: -1
J_V_final: 2.0
GROUND_STATE_OVERLAP: 0.9961563081411026
ENERGY_DIFFERENCE: 0.018427630884029433
