N: 2
M: 4
T: 6.2875000000000005
V: 1
J_V_final: 0.5
GROUND_STATE_OVERLAP: 5.937056795714183e-19
ENERGY_DIFFERENCE: 1.1996572196817854
