N: 2
M: 4
T: 5.05
V: -1
J_V_final: 0.0
GROUND_STATE_OVERLAP: 0.9239855085695855
ENERGY_DIFFERENCE: 0.07601449143041428
