N: 2
M: 3
T: 2.9875000000000003
V: 1
J_V_final: 0.5
GROUND_STATE_OVERLAP: -7.80581815687867e-19
ENERGY_DIFFERENCE: 1.0916460831386492
