N: 2
M: 5
T: 3.4000000000000004
V: 1
J_V_final: 0.5
GROUND_STATE_OVERLAP: 2.2922910091584672e-20
ENERGY_DIFFERENCE: 1.4997764247751506
