N: 2
M: 3
T: 8.762500000000001
V: 1
J_V_final: 0.5
GROUND_STATE_OVERLAP: -5.679135454268884e-19
ENERGY_DIFFERENCE: 0.9378308619212216
