N: 3
M: 2
T: 5.875
V: -1
J_V_final: 0.0
GROUND_STATE_OVERLAP: 0.999403965532294
ENERGY_DIFFERENCE: 0.0009903272988089906
