N: 3
M: 5
T: 3.8125000000000004
V: -1
J_V_final: 0.0
GROUND_STATE_OVERLAP: 0.964962774980735
ENERGY_DIFFERENCE: 0.042204865716952034
