N: 3
M: 4
T: 0.925
V: -1
J_V_final: 0.5
GROUND_STATE_OVERLAP: 0.8963518420875105
ENERGY_DIFFERENCE: 0.24092355083557404
