N: 3
M: 3
T: 4.225
V: 1
J_V_final: 0.5
GROUND_STATE_OVERLAP: 0.09593364210003646
ENERGY_DIFFERENCE: 1.2768838297035465
