N: 3
M: 3
T: 2.9875000000000003
V: 1
J_V_final: 0.0
GROUND_STATE_OVERLAP: 0.21029772993556486
ENERGY_DIFFERENCE: 1.4641692534785418
