N: 3
M: 5
T: 2.9875000000000003
V: 1
J_V_final: 0.5
GROUND_STATE_OVERLAP: 0.00025352966981154044
ENERGY_DIFFERENCE: 2.0231199456035545
