N: 3
M: 3
T: 4.6375
V: 1
J_V_final: 0.0
GROUND_STATE_OVERLAP: 0.21598292694535304
ENERGY_DIFFERENCE: 1.4220481215711815
