N: 3
M: 5
T: 9.5875
V: 1
J_V_final: 0.5
GROUND_STATE_OVERLAP: 0.06672196787498937
ENERGY_DIFFERENCE: 0.8810188533074501
