N: 3
M: 3
T: 8.35
V: 1
J_V_final: 0.5
GROUND_STATE_OVERLAP: 0.34124038316091576
ENERGY_DIFFERENCE: 0.6820082755055137
