N: 3
M: 5
T: 1.7500000000000002
V: -1
J_V_final: 0.5
GROUND_STATE_OVERLAP: 0.9303140566846299
ENERGY_DIFFERENCE: 0.1542606761536076
