N: 3
M: 2
T: 7.525
V: 1
J_V_final: 2.0
GROUND_STATE_OVERLAP: 0.9996495969357937
ENERGY_DIFFERENCE: 0.0012606887006940681
