N: 3
M: 3
T: 2.575
V: 1
J_V_final: 0.0
GROUND_STATE_OVERLAP: 0.14197273078928965
ENERGY_DIFFERENCE: 1.6108312333265495
