N: 3
M: 3
T: 2.9875000000000003
V: -1
J_V_final: 0.0
GROUND_STATE_OVERLAP: 0.9686003018036055
ENERGY_DIFFERENCE: 0.044844673015838055
