N: 3
M: 4
T: 5.05
V: -1
J_V_final: 2.0
GROUND_STATE_OVERLAP: 0.9967967425998598
ENERGY_DIFFERENCE: 0.013592402156291428
