N: 3
M: 4
T: 5.05
V: -1
J_V_final: 0.5
GROUND_STATE_OVERLAP: 0.9756318334097911
ENERGY_DIFFERENCE: 0.02929313531975719
