N: 3
M: 4
T: 8.35
V: 1
J_V_final: 0.0
GROUND_STATE_OVERLAP: 0.3446453449095547
ENERGY_DIFFERENCE: 0.9920532008959844
