N: 3
M: 5
T: 6.2875000000000005
V: 1
J_V_final: 0.0
GROUND_STATE_OVERLAP: 0.20513152440071458
ENERGY_DIFFERENCE: 1.183568975033421
