N: 3
M: 4
T: 4.225
V: -1
J_V_final: 2.0
GROUND_STATE_OVERLAP: 0.9932237416328799
ENERGY_DIFFERENCE: 0.030017398588929822
