N: 3
M: 5
T: 0.5125000000000001
V: 1
J_V_final: 0.5
GROUND_STATE_OVERLAP: 5.851558186715599e-06
ENERGY_DIFFERENCE: 2.488361531590175
