N: 3
M: 2
T: 1.3375000000000001
V: 1
J_V_final: 2.0
GROUND_STATE_OVERLAP: 0.9862882690675405
ENERGY_DIFFERENCE: 0.0375726602126063
