N: 3
M: 2
T: 6.7
V: 1
J_V_final: 2.0
GROUND_STATE_OVERLAP: 0.9998862212935273
ENERGY_DIFFERENCE: 0.0006610500970198885
