N: 3
M: 2
T: 0.1
V: 1
J_V_final: 2.0
GROUND_STATE_OVERLAP: 0.1901259729465915
ENERGY_DIFFERENCE: 4.629311874244615
