N: 3
M: 4
T: 3.8125000000000004
V: 1
J_V_final: 0.0
GROUND_STATE_OVERLAP: 0.22159440269135733
ENERGY_DIFFERENCE: 1.2348875383673834
