N: 3
M: 4
T: 2.1625
V: -1
J_V_final: 0.5
GROUND_STATE_OVERLAP: 0.9570979188009596
ENERGY_DIFFERENCE: 0.09769604004740584
