N: 3
M: 5
T: 2.1625
V: -1
J_V_final: 0.5
GROUND_STATE_OVERLAP: 0.94686545308555
ENERGY_DIFFERENCE: 0.11711145287198654
