N: 3
M: 5
T: 0.1
V: -1
J_V_final: 2.0
GROUND_STATE_OVERLAP: 0.0007137288106553293
ENERGY_DIFFERENCE: 11.081714060608356
