N: 3
M: 5
T: 2.1625
V: 1
J_V_final: 2.0
GROUND_STATE_OVERLAP: 0.9481974205088098
ENERGY_DIFFERENCE: 0.17197939495475367
