N: 3
M: 5
T: 0.1
V: -1
J_V_final: 0.0
GROUND_STATE_OVERLAP: 0.0029736569357174366
ENERGY_DIFFERENCE: 1.4101197022925187
