N: 3
M: 4
T: 8.762500000000001
V: 1
J_V_final: 2.0
GROUND_STATE_OVERLAP: 0.9937528209362706
ENERGY_DIFFERENCE: 0.007616964503155188
