N: 3
M: 2
T: 4.6375
V: 1
J_V_final: 0.0
GROUND_STATE_OVERLAP: 0.26357756109155006
ENERGY_DIFFERENCE: 1.2783326933760684
