N: 3
M: 2
T: 0.1
V: 1
J_V_final: 0.0
GROUND_STATE_OVERLAP: 1.188960257232142e-05
ENERGY_DIFFERENCE: 1.4145128174637545
