N: 3
M: 5
T: 0.925
V: -1
J_V_final: 2.0
GROUND_STATE_OVERLAP: 0.26456342224917334
ENERGY_DIFFERENCE: 2.8200128901960486
