N: 3
M: 4
T: 9.5875
V: 1
J_V_final: 0.5
GROUND_STATE_OVERLAP: 0.14293744205129055
ENERGY_DIFFERENCE: 0.7272009851850509
