N: 3
M: 2
T: 5.875
V: 1
J_V_final: 0.0
GROUND_STATE_OVERLAP: 0.4986865555225067
ENERGY_DIFFERENCE: 0.9264939597160904
