N: 3
M: 4
T: 0.1
V: -1
J_V_final: 0.0
GROUND_STATE_OVERLAP: 0.0029967401558516917
ENERGY_DIFFERENCE: 1.4100880024560487
