N: 3
M: 3
T: 0.5125000000000001
V: 1
J_V_final: 0.5
GROUND_STATE_OVERLAP: 0.0003667797256247424
ENERGY_DIFFERENCE: 2.104953003771978
