N: 3
M: 3
T: 8.762500000000001
V: -1
J_V_final: 2.0
GROUND_STATE_OVERLAP: 0.9994637832075767
ENERGY_DIFFERENCE: 0.0030708599271651593
