N: 3
M: 2
T: 2.575
V: -1
J_V_final: 2.0
GROUND_STATE_OVERLAP: 0.9998868737135296
ENERGY_DIFFERENCE: 0.0008626283098625009
