N: 3
M: 5
T: 3.8125000000000004
V: 1
J_V_final: 2.0
GROUND_STATE_OVERLAP: 0.9654666260813751
ENERGY_DIFFERENCE: 0.08302654350069183
