N: 3
M: 5
T: 2.1625
V: 1
J_V_final: 0.0
GROUND_STATE_OVERLAP: 0.11473011577425218
ENERGY_DIFFERENCE: 1.3737304009141806
