N: 3
M: 3
T: 6.7
V: -1
J_V_final: 0.0
GROUND_STATE_OVERLAP: 0.9966889789884982
ENERGY_DIFFERENCE: 0.0047602861923610185
