N: 3
M: 4
T: 6.2875000000000005
V: -1
J_V_final: 0.0
GROUND_STATE_OVERLAP: 0.9929041551271377
ENERGY_DIFFERENCE: 0.010225172595553778
