N: 3
M: 5
T: 5.875
V: -1
J_V_final: 0.0
GROUND_STATE_OVERLAP: 0.9854042711656608
ENERGY_DIFFERENCE: 0.01723960865304308
