N: 3
M: 5
T: 2.1625
V: -1
J_V_final: 2.0
GROUND_STATE_OVERLAP: 0.9615077045041828
ENERGY_DIFFERENCE: 0.16305274077545562
