N: 3
M: 3
T: 4.225
V: 1
J_V_final: 2.0
GROUND_STATE_OVERLAP: 0.990560550371965
ENERGY_DIFFERENCE: 0.017410688140435227
