N: 3
M: 3
T: 4.225
V: 1
J_V_final: 0.5
GROUND_STATE_OVERLAP: 0.10336006627128183
ENERGY_DIFFERENCE: 1.2703344298809545
