N: 3
M: 3
T: 5.875
V: 1
J_V_final: 0.0
GROUND_STATE_OVERLAP: 0.2968082499874162
ENERGY_DIFFERENCE: 1.1435255507239401
