N: 3
M: 4
T: 9.175
V: -1
J_V_final: 0.0
GROUND_STATE_OVERLAP: 0.9988811520864141
ENERGY_DIFFERENCE: 0.0015875166655505701
