N: 3
M: 2
T: 7.1125
V: 1
J_V_final: 2.0
GROUND_STATE_OVERLAP: 0.9997909877214151
ENERGY_DIFFERENCE: 0.0005223002045928737
