N: 3
M: 3
T: 0.5125000000000001
V: 1
J_V_final: 2.0
GROUND_STATE_OVERLAP: 0.7335051713778198
ENERGY_DIFFERENCE: 1.3287300579204864
