N: 3
M: 4
T: 9.175
V: -1
J_V_final: 2.0
GROUND_STATE_OVERLAP: 0.9997504033343683
ENERGY_DIFFERENCE: 0.001134169128265583
