N: 3
M: 5
T: 0.925
V: -1
J_V_final: 0.0
GROUND_STATE_OVERLAP: 0.8022695511780953
ENERGY_DIFFERENCE: 0.27318718405219844
