N: 3
M: 2
T: 7.9375
V: 1
J_V_final: 0.5
GROUND_STATE_OVERLAP: 0.4223695906253414
ENERGY_DIFFERENCE: 0.5992681562703883
