N: 3
M: 2
T: 5.875
V: -1
J_V_final: 0.5
GROUND_STATE_OVERLAP: 0.994112832874459
ENERGY_DIFFERENCE: 0.015697244431101876
