N: 3
M: 4
T: 5.4625
V: 1
J_V_final: 0.0
GROUND_STATE_OVERLAP: 0.21184379188067748
ENERGY_DIFFERENCE: 1.2345003760307296
