N: 3
M: 2
T: 5.875
V: 1
J_V_final: 2.0
GROUND_STATE_OVERLAP: 0.9972465672279227
ENERGY_DIFFERENCE: 0.005832687302202544
