N: 3
M: 3
T: 5.4625
V: 1
J_V_final: 0.5
GROUND_STATE_OVERLAP: 0.10308521870351202
ENERGY_DIFFERENCE: 1.1129372090836207
