N: 3
M: 5
T: 0.5125000000000001
V: -1
J_V_final: 0.5
GROUND_STATE_OVERLAP: 0.0010149444139001481
ENERGY_DIFFERENCE: 3.4433641825684655
