N: 3
M: 2
T: 5.05
V: 1
J_V_final: 0.5
GROUND_STATE_OVERLAP: 0.20730757552872725
ENERGY_DIFFERENCE: 0.9835398138300286
