N: 3
M: 3
T: 3.4000000000000004
V: -1
J_V_final: 0.0
GROUND_STATE_OVERLAP: 0.9798351656915898
ENERGY_DIFFERENCE: 0.02892685108551518
