N: 3
M: 3
T: 6.7
V: 1
J_V_final: 2.0
GROUND_STATE_OVERLAP: 0.9957243406323473
ENERGY_DIFFERENCE: 0.00784198045302098
