N: 3
M: 2
T: 0.1
V: -1
J_V_final: 0.0
GROUND_STATE_OVERLAP: 0.005548650044872159
ENERGY_DIFFERENCE: 1.406581787709982
