N: 3
M: 4
T: 0.925
V: 1
J_V_final: 0.5
GROUND_STATE_OVERLAP: 4.8212714208681635e-05
ENERGY_DIFFERENCE: 2.14043649841744
