N: 3
M: 3
T: 5.4625
V: -1
J_V_final: 0.0
GROUND_STATE_OVERLAP: 0.9887132019549956
ENERGY_DIFFERENCE: 0.01625966115310118
