N: 3
M: 4
T: 5.875
V: 1
J_V_final: 0.5
GROUND_STATE_OVERLAP: 0.03046418105805713
ENERGY_DIFFERENCE: 1.3148172684661386
