N: 3
M: 3
T: 7.525
V: -1
J_V_final: 0.0
GROUND_STATE_OVERLAP: 0.9977067326766587
ENERGY_DIFFERENCE: 0.0037248122305888476
