N: 3
M: 5
T: 4.6375
V: -1
J_V_final: 2.0
GROUND_STATE_OVERLAP: 0.9903971847110782
ENERGY_DIFFERENCE: 0.03441839477855346
