N: 3
M: 3
T: 8.35
V: 1
J_V_final: 2.0
GROUND_STATE_OVERLAP: 0.9952965518031742
ENERGY_DIFFERENCE: 0.009223906794915138
