N: 3
M: 3
T: 7.525
V: -1
J_V_final: 0.5
GROUND_STATE_OVERLAP: 0.9875544088645267
ENERGY_DIFFERENCE: 0.02207106036348705
