N: 3
M: 4
T: 2.9875000000000003
V: 1
J_V_final: 0.0
GROUND_STATE_OVERLAP: 0.14574682693186483
ENERGY_DIFFERENCE: 1.3928618456019577
