N: 3
M: 2
T: 2.9875000000000003
V: 1
J_V_final: 0.0
GROUND_STATE_OVERLAP: 0.24760587894578465
ENERGY_DIFFERENCE: 1.3447427689054647
