N: 3
M: 5
T: 3.8125000000000004
V: -1
J_V_final: 0.5
GROUND_STATE_OVERLAP: 0.9577066382833463
ENERGY_DIFFERENCE: 0.06287335172854647
