N: 3
M: 3
T: 0.1
V: 1
J_V_final: 0.5
GROUND_STATE_OVERLAP: 0.00030055607713039447
ENERGY_DIFFERENCE: 2.2132399657765793
