N: 3
M: 5
T: 5.05
V: 1
J_V_final: 2.0
GROUND_STATE_OVERLAP: 0.972674069323626
ENERGY_DIFFERENCE: 0.039008817612094404
