N: 3
M: 5
T: 9.5875
V: -1
J_V_final: 0.0
GROUND_STATE_OVERLAP: 0.9986146171790369
ENERGY_DIFFERENCE: 0.001993376968159488
