N: 3
M: 3
T: 0.1
V: -1
J_V_final: 0.5
GROUND_STATE_OVERLAP: 0.00911111306715114
ENERGY_DIFFERENCE: 3.211074955983538
