N: 3
M: 4
T: 3.4000000000000004
V: 1
J_V_final: 0.0
GROUND_STATE_OVERLAP: 0.11488962552869923
ENERGY_DIFFERENCE: 1.4273331245090857
