N: 3
M: 2
T: 5.4625
V: 1
J_V_final: 0.0
GROUND_STATE_OVERLAP: 0.3955314098081382
ENERGY_DIFFERENCE: 1.1672873818839895
