N: 3
M: 2
T: 6.2875000000000005
V: -1
J_V_final: 0.0
GROUND_STATE_OVERLAP: 0.9993366024724156
ENERGY_DIFFERENCE: 0.0009997332310200946
