N: 3
M: 5
T: 7.9375
V: -1
J_V_final: 2.0
GROUND_STATE_OVERLAP: 0.9954079411185964
ENERGY_DIFFERENCE: 0.014401510572984222
