N: 3
M: 4
T: 7.9375
V: 1
J_V_final: 0.0
GROUND_STATE_OVERLAP: 0.31052494392667596
ENERGY_DIFFERENCE: 1.0581286773908976
