N: 3
M: 2
T: 5.4625
V: -1
J_V_final: 0.5
GROUND_STATE_OVERLAP: 0.9940201209613553
ENERGY_DIFFERENCE: 0.015906523244181514
