N: 3
M: 3
T: 5.4625
V: 1
J_V_final: 0.0
GROUND_STATE_OVERLAP: 0.25586658233512005
ENERGY_DIFFERENCE: 1.2156869298743505
