N: 3
M: 3
T: 2.1625
V: 1
J_V_final: 0.0
GROUND_STATE_OVERLAP: 0.10550066447025677
ENERGY_DIFFERENCE: 1.4699358431075895
