N: 3
M: 4
T: 7.525
V: 1
J_V_final: 2.0
GROUND_STATE_OVERLAP: 0.9868257531874358
ENERGY_DIFFERENCE: 0.019909896283449413
