N: 3
M: 3
T: 4.6375
V: -1
J_V_final: 0.5
GROUND_STATE_OVERLAP: 0.9842808215445003
ENERGY_DIFFERENCE: 0.03337138716787047
