N: 3
M: 3
T: 3.8125000000000004
V: -1
J_V_final: 0.0
GROUND_STATE_OVERLAP: 0.9871550981623441
ENERGY_DIFFERENCE: 0.01890091881305378
