N: 3
M: 5
T: 10.0
V: -1
J_V_final: 2.0
GROUND_STATE_OVERLAP: 0.9968111957120434
ENERGY_DIFFERENCE: 0.010728024643650969
