N: 3
M: 4
T: 2.9875000000000003
V: -1
J_V_final: 2.0
GROUND_STATE_OVERLAP: 0.9905931011296247
ENERGY_DIFFERENCE: 0.045408254087442756
