N: 3
M: 2
T: 2.1625
V: 1
J_V_final: 0.5
GROUND_STATE_OVERLAP: 0.14137715929290354
ENERGY_DIFFERENCE: 1.3676594547875787
