N: 3
M: 5
T: 4.225
V: 1
J_V_final: 0.5
GROUND_STATE_OVERLAP: 0.0003091153924046137
ENERGY_DIFFERENCE: 1.996449938191478
