N: 3
M: 4
T: 0.5125000000000001
V: -1
J_V_final: 0.0
GROUND_STATE_OVERLAP: 0.7459903562450839
ENERGY_DIFFERENCE: 0.3607876684117026
