N: 3
M: 5
T: 3.8125000000000004
V: 1
J_V_final: 0.5
GROUND_STATE_OVERLAP: 0.003517391103980278
ENERGY_DIFFERENCE: 1.8077881854771596
