N: 3
M: 2
T: 6.2875000000000005
V: -1
J_V_final: 2.0
GROUND_STATE_OVERLAP: 0.9999396552358373
ENERGY_DIFFERENCE: 0.0003969407854409468
