N: 3
M: 3
T: 1.3375000000000001
V: 1
J_V_final: 2.0
GROUND_STATE_OVERLAP: 0.9851760569462162
ENERGY_DIFFERENCE: 0.04183342213211905
