N: 3
M: 2
T: 2.9875000000000003
V: 1
J_V_final: 2.0
GROUND_STATE_OVERLAP: 0.9986845910819602
ENERGY_DIFFERENCE: 0.006911933749300658
