N: 3
M: 3
T: 0.1
V: 1
J_V_final: 0.5
GROUND_STATE_OVERLAP: 0.0003005560543064575
ENERGY_DIFFERENCE: 2.2132400008009308
