N: 3
M: 3
T: 5.875
V: -1
J_V_final: 2.0
GROUND_STATE_OVERLAP: 0.9999494367515052
ENERGY_DIFFERENCE: 0.000305588562550696
