N: 3
M: 4
T: 0.1
V: -1
J_V_final: 2.0
GROUND_STATE_OVERLAP: 0.002917891148436127
ENERGY_DIFFERENCE: 10.452985701467103
