N: 3
M: 2
T: 3.4000000000000004
V: -1
J_V_final: 2.0
GROUND_STATE_OVERLAP: 0.9999783465249406
ENERGY_DIFFERENCE: 0.00019189182482026723
