N: 3
M: 4
T: 8.35
V: -1
J_V_final: 0.0
GROUND_STATE_OVERLAP: 0.9960133738918743
ENERGY_DIFFERENCE: 0.005508943468840455
