N: 3
M: 3
T: 6.2875000000000005
V: -1
J_V_final: 2.0
GROUND_STATE_OVERLAP: 0.9998866812488935
ENERGY_DIFFERENCE: 0.0007391387403714589
