N: 3
M: 3
T: 3.8125000000000004
V: 1
J_V_final: 2.0
GROUND_STATE_OVERLAP: 0.9918953270192781
ENERGY_DIFFERENCE: 0.016964008553109977
