N: 3
M: 5
T: 6.2875000000000005
V: 1
J_V_final: 2.0
GROUND_STATE_OVERLAP: 0.9777498027068426
ENERGY_DIFFERENCE: 0.03638227652889192
