N: 3
M: 2
T: 0.1
V: -1
J_V_final: 2.0
GROUND_STATE_OVERLAP: 0.12126706548034956
ENERGY_DIFFERENCE: 6.656460901229206
