N: 3
M: 4
T: 0.925
V: -1
J_V_final: 2.0
GROUND_STATE_OVERLAP: 0.9269702783802505
ENERGY_DIFFERENCE: 0.4286366222534923
