N: 3
M: 5
T: 2.9875000000000003
V: 1
J_V_final: 2.0
GROUND_STATE_OVERLAP: 0.9586834911632517
ENERGY_DIFFERENCE: 0.12699346860980398
