N: 3
M: 4
T: 1.3375000000000001
V: -1
J_V_final: 2.0
GROUND_STATE_OVERLAP: 0.9792941171713018
ENERGY_DIFFERENCE: 0.11267950332513799
