N: 3
M: 2
T: 5.875
V: 1
J_V_final: 0.5
GROUND_STATE_OVERLAP: 0.2837092606090917
ENERGY_DIFFERENCE: 0.8787888477145598
