N: 3
M: 4
T: 10.0
V: 1
J_V_final: 0.5
GROUND_STATE_OVERLAP: 0.16936545490397253
ENERGY_DIFFERENCE: 0.7236705134114585
