N: 3
M: 2
T: 1.3375000000000001
V: -1
J_V_final: 0.5
GROUND_STATE_OVERLAP: 0.9891030209158245
ENERGY_DIFFERENCE: 0.03316965461776045
