N: 3
M: 2
T: 3.8125000000000004
V: -1
J_V_final: 2.0
GROUND_STATE_OVERLAP: 0.9998757745332203
ENERGY_DIFFERENCE: 0.0008424009517957742
