N: 3
M: 4
T: 7.9375
V: 1
J_V_final: 0.5
GROUND_STATE_OVERLAP: 0.07135005264599997
ENERGY_DIFFERENCE: 0.9897897903198725
