N: 3
M: 5
T: 5.4625
V: -1
J_V_final: 0.0
GROUND_STATE_OVERLAP: 0.979044261796012
ENERGY_DIFFERENCE: 0.025742785412502966
