N: 3
M: 4
T: 0.5125000000000001
V: -1
J_V_final: 0.5
GROUND_STATE_OVERLAP: 0.14923080589959847
ENERGY_DIFFERENCE: 0.9924369891841205
