N: 3
M: 3
T: 8.762500000000001
V: 1
J_V_final: 0.5
GROUND_STATE_OVERLAP: 0.26074040359235073
ENERGY_DIFFERENCE: 0.8876947993699973
