N: 3
M: 4
T: 8.35
V: 1
J_V_final: 2.0
GROUND_STATE_OVERLAP: 0.9934991526044549
ENERGY_DIFFERENCE: 0.009416104783378287
