N: 3
M: 3
T: 7.1125
V: 1
J_V_final: 0.5
GROUND_STATE_OVERLAP: 0.17591418298149153
ENERGY_DIFFERENCE: 0.9371201205705417
