N: 3
M: 3
T: 9.5875
V: -1
J_V_final: 2.0
GROUND_STATE_OVERLAP: 0.9999140045007616
ENERGY_DIFFERENCE: 0.0004405008962660162
