N: 3
M: 2
T: 9.5875
V: 1
J_V_final: 2.0
GROUND_STATE_OVERLAP: 0.9997989217961001
ENERGY_DIFFERENCE: 0.0006406510193546211
