N: 3
M: 5
T: 4.6375
V: 1
J_V_final: 2.0
GROUND_STATE_OVERLAP: 0.9718985017686542
ENERGY_DIFFERENCE: 0.049289780175653775
