N: 3
M: 4
T: 8.762500000000001
V: -1
J_V_final: 0.0
GROUND_STATE_OVERLAP: 0.9967621570748091
ENERGY_DIFFERENCE: 0.0045319068558977715
