N: 3
M: 4
T: 10.0
V: -1
J_V_final: 0.5
GROUND_STATE_OVERLAP: 0.9836592726817476
ENERGY_DIFFERENCE: 0.019751575734449744
