N: 3
M: 5
T: 8.35
V: 1
J_V_final: 0.5
GROUND_STATE_OVERLAP: 0.06812053736701226
ENERGY_DIFFERENCE: 0.9700904340348888
