N: 3
M: 3
T: 8.35
V: 1
J_V_final: 0.0
GROUND_STATE_OVERLAP: 0.5464926165451839
ENERGY_DIFFERENCE: 0.7320110550008484
