N: 3
M: 4
T: 5.4625
V: -1
J_V_final: 0.0
GROUND_STATE_OVERLAP: 0.9841326393101885
ENERGY_DIFFERENCE: 0.0206530126580724
