N: 3
M: 3
T: 8.35
V: -1
J_V_final: 0.0
GROUND_STATE_OVERLAP: 0.9986509894383466
ENERGY_DIFFERENCE: 0.0019673732541816147
