N: 3
M: 2
T: 2.9875000000000003
V: 1
J_V_final: 0.5
GROUND_STATE_OVERLAP: 0.1494641052693782
ENERGY_DIFFERENCE: 1.2917728791243501
