N: 3
M: 2
T: 4.6375
V: -1
J_V_final: 2.0
GROUND_STATE_OVERLAP: 0.9999097022551351
ENERGY_DIFFERENCE: 0.0005832889701347099
