N: 3
M: 4
T: 7.525
V: -1
J_V_final: 0.0
GROUND_STATE_OVERLAP: 0.9958212681546807
ENERGY_DIFFERENCE: 0.005421954521453776
