N: 3
M: 2
T: 9.175
V: 1
J_V_final: 0.5
GROUND_STATE_OVERLAP: 0.5304298837631777
ENERGY_DIFFERENCE: 0.4697725078147059
