N: 3
M: 4
T: 2.575
V: 1
J_V_final: 0.5
GROUND_STATE_OVERLAP: 0.014367289987628323
ENERGY_DIFFERENCE: 1.6859593129971535
