N: 3
M: 5
T: 8.762500000000001
V: -1
J_V_final: 0.0
GROUND_STATE_OVERLAP: 0.9955364930641193
ENERGY_DIFFERENCE: 0.0060368610896497366
