N: 3
M: 3
T: 4.6375
V: 1
J_V_final: 2.0
GROUND_STATE_OVERLAP: 0.996277394125711
ENERGY_DIFFERENCE: 0.007786716735129318
