N: 3
M: 5
T: 5.4625
V: 1
J_V_final: 0.0
GROUND_STATE_OVERLAP: 0.20443469519375201
ENERGY_DIFFERENCE: 1.2363052902937546
