N: 3
M: 2
T: 3.8125000000000004
V: -1
J_V_final: 0.5
GROUND_STATE_OVERLAP: 0.9963217208169499
ENERGY_DIFFERENCE: 0.010105552749931412
