N: 3
M: 5
T: 6.2875000000000005
V: -1
J_V_final: 2.0
GROUND_STATE_OVERLAP: 0.9955132514818167
ENERGY_DIFFERENCE: 0.014869242956146778
