N: 3
M: 4
T: 6.2875000000000005
V: -1
J_V_final: 2.0
GROUND_STATE_OVERLAP: 0.9979698829186475
ENERGY_DIFFERENCE: 0.009048377304969435
