N: 3
M: 3
T: 5.875
V: 1
J_V_final: 2.0
GROUND_STATE_OVERLAP: 0.9983643077132209
ENERGY_DIFFERENCE: 0.0031234112098905698
