N: 3
M: 2
T: 4.6375
V: 1
J_V_final: 2.0
GROUND_STATE_OVERLAP: 0.9982696537030119
ENERGY_DIFFERENCE: 0.004276440881090693
