N: 3
M: 4
T: 6.2875000000000005
V: -1
J_V_final: 0.5
GROUND_STATE_OVERLAP: 0.981584689668687
ENERGY_DIFFERENCE: 0.020128847368914293
