N: 3
M: 3
T: 9.5875
V: 1
J_V_final: 0.0
GROUND_STATE_OVERLAP: 0.5460822317527414
ENERGY_DIFFERENCE: 0.7265761719854502
