N: 3
M: 3
T: 1.3375000000000001
V: -1
J_V_final: 0.0
GROUND_STATE_OVERLAP: 0.8587844387243365
ENERGY_DIFFERENCE: 0.20890858969273518
