N: 3
M: 4
T: 6.7
V: -1
J_V_final: 2.0
GROUND_STATE_OVERLAP: 0.9986914175007248
ENERGY_DIFFERENCE: 0.005867367317677008
