N: 3
M: 2
T: 4.6375
V: -1
J_V_final: 0.0
GROUND_STATE_OVERLAP: 0.9973069022928502
ENERGY_DIFFERENCE: 0.004171356510909607
