N: 3
M: 5
T: 1.7500000000000002
V: 1
J_V_final: 0.5
GROUND_STATE_OVERLAP: 3.3944669530949575e-05
ENERGY_DIFFERENCE: 2.119237615125111
