N: 3
M: 3
T: 4.6375
V: -1
J_V_final: 0.0
GROUND_STATE_OVERLAP: 0.9850410436654607
ENERGY_DIFFERENCE: 0.02145480608246708
