N: 3
M: 3
T: 5.05
V: 1
J_V_final: 0.5
GROUND_STATE_OVERLAP: 0.08012553290377161
ENERGY_DIFFERENCE: 1.2668515514911858
