N: 3
M: 5
T: 2.9875000000000003
V: -1
J_V_final: 2.0
GROUND_STATE_OVERLAP: 0.976304853761941
ENERGY_DIFFERENCE: 0.09526607993975844
