N: 3
M: 3
T: 0.925
V: 1
J_V_final: 0.0
GROUND_STATE_OVERLAP: 0.043940842524807594
ENERGY_DIFFERENCE: 1.7607144971529043
