N: 3
M: 4
T: 7.1125
V: 1
J_V_final: 0.0
GROUND_STATE_OVERLAP: 0.29698488765240344
ENERGY_DIFFERENCE: 1.0832799839431266
