N: 3
M: 4
T: 9.5875
V: -1
J_V_final: 2.0
GROUND_STATE_OVERLAP: 0.9997963459349852
ENERGY_DIFFERENCE: 0.0008306444991390549
