N: 3
M: 3
T: 3.8125000000000004
V: -1
J_V_final: 0.5
GROUND_STATE_OVERLAP: 0.9860376674732172
ENERGY_DIFFERENCE: 0.030046193378366226
