N: 3
M: 2
T: 9.175
V: -1
J_V_final: 2.0
GROUND_STATE_OVERLAP: 0.9999827509416457
ENERGY_DIFFERENCE: 0.00010977850644344755
