N: 3
M: 4
T: 1.3375000000000001
V: -1
J_V_final: 0.5
GROUND_STATE_OVERLAP: 0.9531990329994533
ENERGY_DIFFERENCE: 0.11949179393659204
