N: 3
M: 2
T: 2.1625
V: 1
J_V_final: 0.0
GROUND_STATE_OVERLAP: 0.29582930412646224
ENERGY_DIFFERENCE: 1.4036819238747653
