N: 3
M: 4
T: 2.9875000000000003
V: 1
J_V_final: 0.5
GROUND_STATE_OVERLAP: 0.018284175508991203
ENERGY_DIFFERENCE: 1.6162831921875334
