N: 3
M: 3
T: 3.4000000000000004
V: 1
J_V_final: 0.0
GROUND_STATE_OVERLAP: 0.15302120543881698
ENERGY_DIFFERENCE: 1.6431512763777836
