N: 3
M: 3
T: 9.175
V: 1
J_V_final: 0.5
GROUND_STATE_OVERLAP: 0.2898352897908316
ENERGY_DIFFERENCE: 0.8474850276034176
