N: 3
M: 3
T: 6.7
V: 1
J_V_final: 0.0
GROUND_STATE_OVERLAP: 0.5282306954588762
ENERGY_DIFFERENCE: 0.7681764439507444
