N: 3
M: 3
T: 0.1
V: -1
J_V_final: 2.0
GROUND_STATE_OVERLAP: 0.015970132229795583
ENERGY_DIFFERENCE: 9.265233925516561
