N: 3
M: 4
T: 6.7
V: -1
J_V_final: 0.0
GROUND_STATE_OVERLAP: 0.9957658892811303
ENERGY_DIFFERENCE: 0.0061363332417190275
