N: 3
M: 2
T: 3.8125000000000004
V: 1
J_V_final: 0.5
GROUND_STATE_OVERLAP: 0.21743441083766787
ENERGY_DIFFERENCE: 1.1229206190171823
