N: 3
M: 3
T: 6.2875000000000005
V: 1
J_V_final: 0.0
GROUND_STATE_OVERLAP: 0.3497990657090729
ENERGY_DIFFERENCE: 1.074431003689872
