N: 3
M: 4
T: 2.1625
V: -1
J_V_final: 0.0
GROUND_STATE_OVERLAP: 0.8869812641991652
ENERGY_DIFFERENCE: 0.1453913637818398
