N: 3
M: 4
T: 1.7500000000000002
V: 1
J_V_final: 0.0
GROUND_STATE_OVERLAP: 3.7162329303738243e-05
ENERGY_DIFFERENCE: 1.4143090498758877
