N: 3
M: 2
T: 7.1125
V: -1
J_V_final: 2.0
GROUND_STATE_OVERLAP: 0.9999886526614503
ENERGY_DIFFERENCE: 7.28491770090045e-05
