N: 3
M: 4
T: 0.925
V: 1
J_V_final: 0.0
GROUND_STATE_OVERLAP: 0.04075417338610626
ENERGY_DIFFERENCE: 1.751660399878987
