N: 3
M: 5
T: 0.925
V: -1
J_V_final: 0.5
GROUND_STATE_OVERLAP: 0.10949867546267841
ENERGY_DIFFERENCE: 1.2522771965612707
