N: 3
M: 2
T: 0.925
V: 1
J_V_final: 0.5
GROUND_STATE_OVERLAP: 0.017384724082568255
ENERGY_DIFFERENCE: 1.4672757341629203
