N: 3
M: 3
T: 3.4000000000000004
V: -1
J_V_final: 0.5
GROUND_STATE_OVERLAP: 0.9836161491450002
ENERGY_DIFFERENCE: 0.03375500929518571
