N: 3
M: 3
T: 6.7
V: 1
J_V_final: 0.5
GROUND_STATE_OVERLAP: 0.24592497147120757
ENERGY_DIFFERENCE: 0.9216314877333469
