N: 3
M: 5
T: 6.2875000000000005
V: 1
J_V_final: 0.5
GROUND_STATE_OVERLAP: 0.005465989766343587
ENERGY_DIFFERENCE: 1.5812778666436262
