N: 3
M: 2
T: 0.925
V: 1
J_V_final: 0.0
GROUND_STATE_OVERLAP: 0.08294365319312333
ENERGY_DIFFERENCE: 1.877778122249834
