N: 3
M: 5
T: 5.4625
V: -1
J_V_final: 0.5
GROUND_STATE_OVERLAP: 0.9743109706685902
ENERGY_DIFFERENCE: 0.02899476390460176
