N: 3
M: 2
T: 3.4000000000000004
V: 1
J_V_final: 0.5
GROUND_STATE_OVERLAP: 0.17915056274770103
ENERGY_DIFFERENCE: 1.2232236555603992
