N: 3
M: 2
T: 9.5875
V: -1
J_V_final: 0.5
GROUND_STATE_OVERLAP: 0.9995390112463337
ENERGY_DIFFERENCE: 0.0013522365393008329
