N: 3
M: 5
T: 0.5125000000000001
V: -1
J_V_final: 0.0
GROUND_STATE_OVERLAP: 0.7454051378344266
ENERGY_DIFFERENCE: 0.36206557157832586
