N: 3
M: 2
T: 2.575
V: -1
J_V_final: 0.0
GROUND_STATE_OVERLAP: 0.9913004174640974
ENERGY_DIFFERENCE: 0.01833360586739108
