N: 3
M: 3
T: 8.35
V: 1
J_V_final: 0.5
GROUND_STATE_OVERLAP: 0.30988563242932937
ENERGY_DIFFERENCE: 0.778678546531071
