N: 3
M: 4
T: 6.7
V: 1
J_V_final: 0.5
GROUND_STATE_OVERLAP: 0.04181590815660609
ENERGY_DIFFERENCE: 1.1756947867883056
