N: 3
M: 5
T: 1.7500000000000002
V: 1
J_V_final: 0.0
GROUND_STATE_OVERLAP: 3.3766500261037464e-05
ENERGY_DIFFERENCE: 1.414277894757628
