N: 3
M: 5
T: 4.225
V: 1
J_V_final: 2.0
GROUND_STATE_OVERLAP: 0.9714549944012887
ENERGY_DIFFERENCE: 0.05711409741796558
