N: 3
M: 5
T: 7.9375
V: -1
J_V_final: 0.0
GROUND_STATE_OVERLAP: 0.9960688717153394
ENERGY_DIFFERENCE: 0.004973856082023831
