N: 3
M: 3
T: 9.175
V: -1
J_V_final: 0.0
GROUND_STATE_OVERLAP: 0.9989748421510022
ENERGY_DIFFERENCE: 0.0015822791385691204
