N: 3
M: 4
T: 4.6375
V: 1
J_V_final: 0.5
GROUND_STATE_OVERLAP: 0.008675293768272172
ENERGY_DIFFERENCE: 1.6662686492227656
