N: 3
M: 5
T: 5.875
V: -1
J_V_final: 2.0
GROUND_STATE_OVERLAP: 0.9943822356204519
ENERGY_DIFFERENCE: 0.01983666304529841
