N: 3
M: 5
T: 5.875
V: 1
J_V_final: 0.5
GROUND_STATE_OVERLAP: 0.0026687326407449263
ENERGY_DIFFERENCE: 1.7733698277020662
