N: 3
M: 5
T: 6.7
V: -1
J_V_final: 2.0
GROUND_STATE_OVERLAP: 0.9958440786670137
ENERGY_DIFFERENCE: 0.013558918322905456
