N: 3
M: 3
T: 7.9375
V: 1
J_V_final: 2.0
GROUND_STATE_OVERLAP: 0.9959739942009986
ENERGY_DIFFERENCE: 0.0071210888980957066
