N: 3
M: 2
T: 8.762500000000001
V: -1
J_V_final: 2.0
GROUND_STATE_OVERLAP: 0.9999908919238749
ENERGY_DIFFERENCE: 6.168247129778592e-05
