N: 3
M: 5
T: 8.762500000000001
V: -1
J_V_final: 0.5
GROUND_STATE_OVERLAP: 0.9821419086500299
ENERGY_DIFFERENCE: 0.01808783313162632
