N: 3
M: 5
T: 2.9875000000000003
V: -1
J_V_final: 0.0
GROUND_STATE_OVERLAP: 0.9332073918361244
ENERGY_DIFFERENCE: 0.08231583515460583
