N: 3
M: 4
T: 7.9375
V: -1
J_V_final: 0.5
GROUND_STATE_OVERLAP: 0.9830585452605078
ENERGY_DIFFERENCE: 0.0191932146688103
