N: 3
M: 4
T: 10.0
V: 1
J_V_final: 0.0
GROUND_STATE_OVERLAP: 0.4050963561779426
ENERGY_DIFFERENCE: 0.8627736343198671
