N: 3
M: 2
T: 6.7
V: 1
J_V_final: 0.0
GROUND_STATE_OVERLAP: 0.5905290472680866
ENERGY_DIFFERENCE: 0.7518757452132357
