N: 3
M: 5
T: 9.175
V: 1
J_V_final: 2.0
GROUND_STATE_OVERLAP: 0.975383327508151
ENERGY_DIFFERENCE: 0.0327502000156219
