N: 3
M: 3
T: 8.762500000000001
V: 1
J_V_final: 0.5
GROUND_STATE_OVERLAP: 0.2602234919939338
ENERGY_DIFFERENCE: 0.8861155499033804
