N: 3
M: 5
T: 2.9875000000000003
V: 1
J_V_final: 0.0
GROUND_STATE_OVERLAP: 0.13549966436142433
ENERGY_DIFFERENCE: 1.393790228721189
