N: 3
M: 4
T: 2.1625
V: 1
J_V_final: 0.0
GROUND_STATE_OVERLAP: 0.09861341936966961
ENERGY_DIFFERENCE: 1.4625479415262017
