N: 3
M: 2
T: 10.0
V: -1
J_V_final: 0.5
GROUND_STATE_OVERLAP: 0.9993262578890791
ENERGY_DIFFERENCE: 0.0020002686987337093
