N: 3
M: 3
T: 4.6375
V: 1
J_V_final: 2.0
GROUND_STATE_OVERLAP: 0.9962109646271013
ENERGY_DIFFERENCE: 0.00796011920689299
