N: 3
M: 5
T: 8.35
V: 1
J_V_final: 0.0
GROUND_STATE_OVERLAP: 0.4043309512266602
ENERGY_DIFFERENCE: 0.882996107130108
