N: 3
M: 4
T: 2.575
V: -1
J_V_final: 0.0
GROUND_STATE_OVERLAP: 0.9121048889413693
ENERGY_DIFFERENCE: 0.11035291061294394
