N: 3
M: 2
T: 7.525
V: 1
J_V_final: 0.5
GROUND_STATE_OVERLAP: 0.4156429055418738
ENERGY_DIFFERENCE: 0.6377578811438069
