N: 3
M: 3
T: 7.9375
V: -1
J_V_final: 0.0
GROUND_STATE_OVERLAP: 0.9985011673842445
ENERGY_DIFFERENCE: 0.0023250634061253717
