N: 3
M: 3
T: 0.925
V: -1
J_V_final: 0.0
GROUND_STATE_OVERLAP: 0.82901359054482
ENERGY_DIFFERENCE: 0.25191942427126013
