N: 3
M: 3
T: 2.1625
V: -1
J_V_final: 2.0
GROUND_STATE_OVERLAP: 0.995284942017544
ENERGY_DIFFERENCE: 0.02619911666232433
