N: 3
M: 2
T: 1.7500000000000002
V: 1
J_V_final: 2.0
GROUND_STATE_OVERLAP: 0.9905361674462534
ENERGY_DIFFERENCE: 0.033485032355100586
