N: 3
M: 4
T: 4.6375
V: -1
J_V_final: 0.5
GROUND_STATE_OVERLAP: 0.9688809161791146
ENERGY_DIFFERENCE: 0.05352807055833386
