N: 3
M: 3
T: 7.525
V: 1
J_V_final: 2.0
GROUND_STATE_OVERLAP: 0.9965599800894356
ENERGY_DIFFERENCE: 0.006383383451499469
