N: 3
M: 2
T: 2.1625
V: 1
J_V_final: 2.0
GROUND_STATE_OVERLAP: 0.9971095118745239
ENERGY_DIFFERENCE: 0.018684777105637984
