N: 3
M: 3
T: 9.5875
V: -1
J_V_final: 0.5
GROUND_STATE_OVERLAP: 0.9931485580330184
ENERGY_DIFFERENCE: 0.014195964723588528
