N: 3
M: 2
T: 1.7500000000000002
V: 1
J_V_final: 0.0
GROUND_STATE_OVERLAP: 0.012533824624821624
ENERGY_DIFFERENCE: 1.613880666873172
