N: 3
M: 4
T: 6.7
V: 1
J_V_final: 2.0
GROUND_STATE_OVERLAP: 0.9889064985510462
ENERGY_DIFFERENCE: 0.015087389839980148
