N: 4
M: 3
T: 9.175
V: 1
J_V_final: 0.5
GROUND_STATE_OVERLAP: 0.00010886021826000554
ENERGY_DIFFERENCE: 2.3087613357539336
