N: 4
M: 3
T: 9.5875
V: 1
J_V_final: 2.0
GROUND_STATE_OVERLAP: 0.9978645676733892
ENERGY_DIFFERENCE: 0.006199378439056602
