N: 4
M: 3
T: 0.1
V: 1
J_V_final: 2.0
GROUND_STATE_OVERLAP: 0.005777753040419432
ENERGY_DIFFERENCE: 9.671694087733487
