N: 4
M: 3
T: 0.5125000000000001
V: -1
J_V_final: 0.5
GROUND_STATE_OVERLAP: 0.5795461253119347
ENERGY_DIFFERENCE: 1.036784590050964
