N: 4
M: 3
T: 8.35
V: -1
J_V_final: 2.0
GROUND_STATE_OVERLAP: 0.9994287254446433
ENERGY_DIFFERENCE: 0.0023306809880487833
