N: 4
M: 3
T: 9.5875
V: -1
J_V_final: 0.5
GROUND_STATE_OVERLAP: 0.9875248747547285
ENERGY_DIFFERENCE: 0.024905690325089935
