N: 4
M: 3
T: 3.4000000000000004
V: -1
J_V_final: 0.0
GROUND_STATE_OVERLAP: 0.6936357807336844
ENERGY_DIFFERENCE: 0.23019992281041723
