N: 4
M: 3
T: 0.1
V: -1
J_V_final: 0.5
GROUND_STATE_OVERLAP: 0.001772427719360226
ENERGY_DIFFERENCE: 4.456178738525708
