N: 4
M: 3
T: 2.1625
V: -1
J_V_final: 2.0
GROUND_STATE_OVERLAP: 0.9933874046965395
ENERGY_DIFFERENCE: 0.03293334524584779
