N: 4
M: 3
T: 0.925
V: -1
J_V_final: 0.0
GROUND_STATE_OVERLAP: 0.43956378151974773
ENERGY_DIFFERENCE: 0.5086680455031087
