N: 4
M: 3
T: 7.1125
V: -1
J_V_final: 0.5
GROUND_STATE_OVERLAP: 0.9837045586200224
ENERGY_DIFFERENCE: 0.029962169875606293
