N: 4
M: 3
T: 6.7
V: 1
J_V_final: 0.0
GROUND_STATE_OVERLAP: 5.780038084703692e-08
ENERGY_DIFFERENCE: 2.2360120862224107
