N: 4
M: 3
T: 3.8125000000000004
V: 1
J_V_final: 0.5
GROUND_STATE_OVERLAP: 5.329710729503643e-05
ENERGY_DIFFERENCE: 2.760144081588951
