N: 4
M: 3
T: 0.925
V: 1
J_V_final: 0.0
GROUND_STATE_OVERLAP: 7.06452657521134e-05
ENERGY_DIFFERENCE: 2.286903931111916
