N: 4
M: 3
T: 7.9375
V: -1
J_V_final: 2.0
GROUND_STATE_OVERLAP: 0.999629727099088
ENERGY_DIFFERENCE: 0.001612147420154031
