N: 4
M: 3
T: 6.7
V: -1
J_V_final: 0.5
GROUND_STATE_OVERLAP: 0.9900750648030694
ENERGY_DIFFERENCE: 0.018868454253024858
