N: 4
M: 3
T: 8.35
V: 1
J_V_final: 0.5
GROUND_STATE_OVERLAP: 0.0008465291709019033
ENERGY_DIFFERENCE: 2.209361153737446
