N: 4
M: 3
T: 8.762500000000001
V: 1
J_V_final: 0.5
GROUND_STATE_OVERLAP: 0.00216599578242132
ENERGY_DIFFERENCE: 2.075868004807373
