N: 4
M: 3
T: 0.1
V: 1
J_V_final: 0.5
GROUND_STATE_OVERLAP: 4.291677826956959e-05
ENERGY_DIFFERENCE: 2.828501678827297
