N: 4
M: 3
T: 5.05
V: -1
J_V_final: 0.0
GROUND_STATE_OVERLAP: 0.7319868906518423
ENERGY_DIFFERENCE: 0.224860462624624
