N: 4
M: 3
T: 7.9375
V: 1
J_V_final: 0.5
GROUND_STATE_OVERLAP: 0.0016736503380958
ENERGY_DIFFERENCE: 2.4666316000975304
