N: 4
M: 3
T: 5.4625
V: 1
J_V_final: 2.0
GROUND_STATE_OVERLAP: 0.9956272520750084
ENERGY_DIFFERENCE: 0.011158029985562479
