N: 4
M: 3
T: 7.9375
V: 1
J_V_final: 0.0
GROUND_STATE_OVERLAP: 2.1868703367267506e-09
ENERGY_DIFFERENCE: 2.2360604106727107
