N: 4
M: 3
T: 0.925
V: -1
J_V_final: 2.0
GROUND_STATE_OVERLAP: 0.9575293765631163
ENERGY_DIFFERENCE: 0.2703271662266111
