N: 4
M: 3
T: 7.525
V: -1
J_V_final: 2.0
GROUND_STATE_OVERLAP: 0.9996379194467928
ENERGY_DIFFERENCE: 0.0016234375052306405
