N: 4
M: 3
T: 7.9375
V: -1
J_V_final: 0.0
GROUND_STATE_OVERLAP: 0.8609784303736467
ENERGY_DIFFERENCE: 0.11323231495235886
