N: 4
M: 3
T: 8.762500000000001
V: -1
J_V_final: 0.0
GROUND_STATE_OVERLAP: 0.8758464420156509
ENERGY_DIFFERENCE: 0.11918696873531642
