N: 4
M: 3
T: 0.5125000000000001
V: 1
J_V_final: 0.5
GROUND_STATE_OVERLAP: 2.277329979308347e-05
ENERGY_DIFFERENCE: 3.0414037178789806
