N: 4
M: 3
T: 3.8125000000000004
V: -1
J_V_final: 0.0
GROUND_STATE_OVERLAP: 0.7255677643214201
ENERGY_DIFFERENCE: 0.21566893691116817
