N: 4
M: 3
T: 1.7500000000000002
V: 1
J_V_final: 0.5
GROUND_STATE_OVERLAP: 0.00034764199206683774
ENERGY_DIFFERENCE: 2.3688894995149434
