N: 4
M: 3
T: 3.4000000000000004
V: 1
J_V_final: 0.5
GROUND_STATE_OVERLAP: 0.0007914655428740336
ENERGY_DIFFERENCE: 2.27238476803292
