N: 4
M: 3
T: 7.525
V: -1
J_V_final: 0.5
GROUND_STATE_OVERLAP: 0.9834752251727215
ENERGY_DIFFERENCE: 0.03155038969746471
