N: 4
M: 3
T: 4.225
V: -1
J_V_final: 0.5
GROUND_STATE_OVERLAP: 0.9844817484006718
ENERGY_DIFFERENCE: 0.03013385739546326
