N: 4
M: 3
T: 0.5125000000000001
V: 1
J_V_final: 0.0
GROUND_STATE_OVERLAP: 6.967247342441011e-05
ENERGY_DIFFERENCE: 2.3481697726998636
