N: 4
M: 3
T: 5.05
V: 1
J_V_final: 2.0
GROUND_STATE_OVERLAP: 0.9958160533442293
ENERGY_DIFFERENCE: 0.013237764465973356
