N: 4
M: 3
T: 9.175
V: 1
J_V_final: 2.0
GROUND_STATE_OVERLAP: 0.998700759347749
ENERGY_DIFFERENCE: 0.003847239648225198
