N: 4
M: 3
T: 6.2875000000000005
V: 1
J_V_final: 2.0
GROUND_STATE_OVERLAP: 0.9972207077362492
ENERGY_DIFFERENCE: 0.007953360592093617
