N: 4
M: 3
T: 5.05
V: 1
J_V_final: 0.0
GROUND_STATE_OVERLAP: 2.2108444096604244e-09
ENERGY_DIFFERENCE: 2.236069505864902
