N: 4
M: 3
T: 2.575
V: -1
J_V_final: 2.0
GROUND_STATE_OVERLAP: 0.9964374988024658
ENERGY_DIFFERENCE: 0.01613636881990388
