N: 4
M: 3
T: 1.3375000000000001
V: -1
J_V_final: 0.0
GROUND_STATE_OVERLAP: 0.478093171412065
ENERGY_DIFFERENCE: 0.46180366303854314
