N: 4
M: 3
T: 6.2875000000000005
V: -1
J_V_final: 0.5
GROUND_STATE_OVERLAP: 0.9920537863245721
ENERGY_DIFFERENCE: 0.014442046657522134
