N: 4
M: 3
T: 8.762500000000001
V: -1
J_V_final: 2.0
GROUND_STATE_OVERLAP: 0.9996089230603981
ENERGY_DIFFERENCE: 0.0016471583263495404
