N: 4
M: 3
T: 7.1125
V: 1
J_V_final: 0.0
GROUND_STATE_OVERLAP: 6.283533352907876e-10
ENERGY_DIFFERENCE: 2.236070601547819
