N: 4
M: 3
T: 6.2875000000000005
V: -1
J_V_final: 2.0
GROUND_STATE_OVERLAP: 0.9998889875483539
ENERGY_DIFFERENCE: 0.0006980909316371964
