N: 4
M: 3
T: 10.0
V: -1
J_V_final: 0.5
GROUND_STATE_OVERLAP: 0.9884771507785446
ENERGY_DIFFERENCE: 0.02258554432676174
