N: 4
M: 3
T: 4.225
V: 1
J_V_final: 2.0
GROUND_STATE_OVERLAP: 0.9957672355689065
ENERGY_DIFFERENCE: 0.011741079870061455
