N: 4
M: 3
T: 0.5125000000000001
V: 1
J_V_final: 2.0
GROUND_STATE_OVERLAP: 0.6879008305645355
ENERGY_DIFFERENCE: 1.6535334199388423
