N: 4
M: 3
T: 4.225
V: 1
J_V_final: 0.5
GROUND_STATE_OVERLAP: 0.0009150666646312647
ENERGY_DIFFERENCE: 2.201743693147624
