N: 4
M: 3
T: 5.875
V: -1
J_V_final: 2.0
GROUND_STATE_OVERLAP: 0.9998840772169578
ENERGY_DIFFERENCE: 0.0008130092153546542
