N: 4
M: 3
T: 5.4625
V: -1
J_V_final: 2.0
GROUND_STATE_OVERLAP: 0.9999383764809975
ENERGY_DIFFERENCE: 0.00040200487388908357
