N: 5
M: 3
T: 0.1
V: 1
J_V_final: 2.0
GROUND_STATE_OVERLAP: 0.0016246455983134418
ENERGY_DIFFERENCE: 11.973847033882873
