N: 5
M: 3
T: 0.925
V: 1
J_V_final: 0.0
GROUND_STATE_OVERLAP: 1.8631827699507655e-05
ENERGY_DIFFERENCE: 2.781742161755481
