N: 5
M: 3
T: 0.1
V: -1
J_V_final: 0.0
GROUND_STATE_OVERLAP: 5.820606773587354e-07
ENERGY_DIFFERENCE: 2.7299165688997244
