N: 5
M: 3
T: 0.1
V: 1
J_V_final: 0.5
GROUND_STATE_OVERLAP: 3.2464073954678944e-06
ENERGY_DIFFERENCE: 3.7322306393076685
