N: 5
M: 3
T: 0.5125000000000001
V: 1
J_V_final: 2.0
GROUND_STATE_OVERLAP: 0.658832815668007
ENERGY_DIFFERENCE: 1.8956607379190213
