N: 5
M: 3
T: 0.5125000000000001
V: -1
J_V_final: 0.0
GROUND_STATE_OVERLAP: 0.00024288891899026233
ENERGY_DIFFERENCE: 2.6883686646540297
