N: 5
M: 3
T: 0.1
V: -1
J_V_final: 2.0
GROUND_STATE_OVERLAP: 0.0009305686317352834
ENERGY_DIFFERENCE: 15.83356354912385
