N: 5
M: 3
T: 0.5125000000000001
V: 1
J_V_final: 0.5
GROUND_STATE_OVERLAP: 8.012604897472593e-06
ENERGY_DIFFERENCE: 3.488033401632117
