N: 5
M: 3
T: 1.7500000000000002
V: 1
J_V_final: 0.0
GROUND_STATE_OVERLAP: 7.933709926625635e-10
ENERGY_DIFFERENCE: 2.7321898091195544
