N: 3
M: 3
T: 1.375
V: -1
J_V_final: 0.5
GROUND_STATE_OVERLAP: 0.9682881860910861
ENERGY_DIFFERENCE: 0.08160500083864441
