N: 3
M: 3
T: 9.625
V: -1
J_V_final: 0.5
GROUND_STATE_OVERLAP: 0.9932269874980316
ENERGY_DIFFERENCE: 0.013790618464530002
