N: 3
M: 3
T: 5.125
V: 1
J_V_final: 0.5
GROUND_STATE_OVERLAP: 0.0836119406393931
ENERGY_DIFFERENCE: 1.252512741671224
