N: 3
M: 3
T: 3.25
V: 1
J_V_final: 0.5
GROUND_STATE_OVERLAP: 0.06740048732352663
ENERGY_DIFFERENCE: 1.3572475264681874
