N: 3
M: 3
T: 1.0
V: 1
J_V_final: 0.5
GROUND_STATE_OVERLAP: 0.0005917406439680653
ENERGY_DIFFERENCE: 1.8569368093913434
