N: 3
M: 3
T: 7.75
V: 1
J_V_final: 0.5
GROUND_STATE_OVERLAP: 0.18236935659435666
ENERGY_DIFFERENCE: 0.9502574305550313
