N: 3
M: 3
T: 6.625
V: 1
J_V_final: 0.5
GROUND_STATE_OVERLAP: 0.17982384377748462
ENERGY_DIFFERENCE: 1.044276114714164
