N: 3
M: 3
T: 3.625
V: 1
J_V_final: 0.5
GROUND_STATE_OVERLAP: 0.08033888758729785
ENERGY_DIFFERENCE: 1.3249702818432747
