N: 3
M: 3
T: 4.375
V: -1
J_V_final: 0.5
GROUND_STATE_OVERLAP: 0.9845574746579242
ENERGY_DIFFERENCE: 0.03410436326594102
