N: 3
M: 3
T: 5.875
V: 1
J_V_final: 0.5
GROUND_STATE_OVERLAP: 0.13113484155571287
ENERGY_DIFFERENCE: 1.0576047808087952
