N: 3
M: 3
T: 8.125
V: -1
J_V_final: 0.5
GROUND_STATE_OVERLAP: 0.9841487286725668
ENERGY_DIFFERENCE: 0.027259850655339868
