N: 3
M: 3
T: 9.625
V: 1
J_V_final: 0.5
GROUND_STATE_OVERLAP: 0.31875762010253395
ENERGY_DIFFERENCE: 0.7888915116432673
