N: 3
M: 3
T: 2.125
V: -1
J_V_final: 0.5
GROUND_STATE_OVERLAP: 0.9840806995022993
ENERGY_DIFFERENCE: 0.03370873293671872
