N: 3
M: 3
T: 4.0
V: -1
J_V_final: 0.5
GROUND_STATE_OVERLAP: 0.9850588176178248
ENERGY_DIFFERENCE: 0.031766038876299696
