N: 3
M: 3
T: 1.0
V: -1
J_V_final: 0.5
GROUND_STATE_OVERLAP: 0.9375216754551493
ENERGY_DIFFERENCE: 0.14992839179914697
