N: 3
M: 3
T: 7.0
V: 1
J_V_final: 0.5
GROUND_STATE_OVERLAP: 0.18973091076011606
ENERGY_DIFFERENCE: 0.9835410265537528
