N: 3
M: 3
T: 2.875
V: -1
J_V_final: 0.5
GROUND_STATE_OVERLAP: 0.9844445271629375
ENERGY_DIFFERENCE: 0.03269330440824225
