N: 3
M: 3
T: 4.75
V: 1
J_V_final: 0.5
GROUND_STATE_OVERLAP: 0.11259747938595636
ENERGY_DIFFERENCE: 1.2279146808303527
