N: 3
M: 3
T: 4.0
V: 1
J_V_final: 0.5
GROUND_STATE_OVERLAP: 0.10279019853987083
ENERGY_DIFFERENCE: 1.2751965677520296
