N: 3
M: 3
T: 2.5
V: 1
J_V_final: 0.5
GROUND_STATE_OVERLAP: 0.06021182672288927
ENERGY_DIFFERENCE: 1.3768987927230327
