N: 3
M: 3
T: 6.25
V: -1
J_V_final: 0.5
GROUND_STATE_OVERLAP: 0.9863548036355609
ENERGY_DIFFERENCE: 0.024461543293758048
