N: 3
M: 3
T: 4.75
V: -1
J_V_final: 0.5
GROUND_STATE_OVERLAP: 0.9849630282901679
ENERGY_DIFFERENCE: 0.031206497455671833
