N: 3
M: 3
T: 2.875
V: 1
J_V_final: 0.5
GROUND_STATE_OVERLAP: 0.0627087539823995
ENERGY_DIFFERENCE: 1.362980960808093
