N: 3
M: 3
T: 3.625
V: -1
J_V_final: 0.5
GROUND_STATE_OVERLAP: 0.9874397854641555
ENERGY_DIFFERENCE: 0.024890767937931102
