N: 3
M: 3
T: 6.25
V: 1
J_V_final: 0.5
GROUND_STATE_OVERLAP: 0.11088393215191705
ENERGY_DIFFERENCE: 1.0999165133659308
