N: 3
M: 3
T: 2.125
V: 1
J_V_final: 0.5
GROUND_STATE_OVERLAP: 0.049053432748161804
ENERGY_DIFFERENCE: 1.4289014626714547
