N: 3
M: 3
T: 5.875
V: -1
J_V_final: 0.5
GROUND_STATE_OVERLAP: 0.9878184514740151
ENERGY_DIFFERENCE: 0.022161774377417398
