N: 3
M: 3
T: 9.25
V: -1
J_V_final: 0.5
GROUND_STATE_OVERLAP: 0.9932063448860698
ENERGY_DIFFERENCE: 0.014512987925989762
