N: 3
M: 3
T: 8.5
V: -1
J_V_final: 0.5
GROUND_STATE_OVERLAP: 0.9863237875997528
ENERGY_DIFFERENCE: 0.024241164664075665
