N: 3
M: 3
T: 9.25
V: 1
J_V_final: 0.5
GROUND_STATE_OVERLAP: 0.295155073507737
ENERGY_DIFFERENCE: 0.8367681967650711
