N: 3
M: 3
T: 1.375
V: 1
J_V_final: 0.5
GROUND_STATE_OVERLAP: 0.005951393586056455
ENERGY_DIFFERENCE: 1.9167208023683113
