N: 3
M: 3
T: 8.125
V: 1
J_V_final: 0.5
GROUND_STATE_OVERLAP: 0.2840582943686319
ENERGY_DIFFERENCE: 0.839117500081568
