N: 3
M: 3
T: 8.875
V: -1
J_V_final: 0.5
GROUND_STATE_OVERLAP: 0.9901893281395024
ENERGY_DIFFERENCE: 0.017625565412742183
