N: 3
M: 3
T: 5.125
V: -1
J_V_final: 0.5
GROUND_STATE_OVERLAP: 0.9869093515533636
ENERGY_DIFFERENCE: 0.02597861053629824
