N: 3
M: 3
T: 3.25
V: -1
J_V_final: 0.5
GROUND_STATE_OVERLAP: 0.9831075395615079
ENERGY_DIFFERENCE: 0.03512990340630351
