N: 3
M: 3
T: 5.5
V: -1
J_V_final: 0.5
GROUND_STATE_OVERLAP: 0.9871999023117436
ENERGY_DIFFERENCE: 0.0248115482443505
