N: 3
M: 3
T: 1.75
V: -1
J_V_final: 0.5
GROUND_STATE_OVERLAP: 0.9767006440677402
ENERGY_DIFFERENCE: 0.05361799218647967
