N: 3
M: 3
T: 1.75
V: 1
J_V_final: 0.5
GROUND_STATE_OVERLAP: 0.021973155658209346
ENERGY_DIFFERENCE: 1.5933464038744614
