N: 3
M: 3
T: 8.5
V: 1
J_V_final: 0.5
GROUND_STATE_OVERLAP: 0.23163333878060638
ENERGY_DIFFERENCE: 0.9107930325333866
