N: 3
M: 3
T: 7.75
V: -1
J_V_final: 0.5
GROUND_STATE_OVERLAP: 0.9868930434689493
ENERGY_DIFFERENCE: 0.022646433027230906
