N: 3
M: 3
T: 7.375
V: 1
J_V_final: 0.5
GROUND_STATE_OVERLAP: 0.17083275032245068
ENERGY_DIFFERENCE: 1.0187739877934723
